    0.00000000    53.65885420
    0.01000400    13.28386619
    0.02000800     3.27206353
    0.03001200   -55.33907652
    0.04001601    -7.56738199
    0.05002001    -9.69995324
    0.06002401    -1.35088557
    0.07002801   -17.49012987
    0.08003201     0.19386389
    0.09003601   -12.61962832
    0.10004002   -37.53054314
    0.11004402    28.61253911
    0.12004802    28.70185672
    0.13005202    53.73793278
    0.14005602     4.14015134
    0.15006002    -9.31280523
    0.16006403   -13.34493401
    0.17006803   -43.19013763
    0.18007203    32.86349064
    0.19007603   -29.45130903
    0.20008003   -31.78245905
    0.21008403    -2.21238056
    0.22008804    48.72970766
    0.23009204    11.43484465
    0.24009604   -26.19214073
    0.25010004   -16.68037037
    0.26010404    23.65474028
    0.27010804     0.26990767
    0.28011204   -17.79191489
    0.29011605    -1.43993109
    0.30012005    28.00043960
    0.31012405    65.11978032
    0.32012805   -31.29959546
    0.33013205   -12.58081485
    0.34013605   -17.71376364
    0.35014006   -65.98581249
    0.36014406   -20.93967949
    0.37014806   -23.75486013
    0.38015206    40.86801424
    0.39015606     3.37844066
    0.40016006   -41.17557603
    0.41016407    27.11029632
    0.42016807    -2.79112079
    0.43017207   -44.21033788
    0.44017607    -9.62878463
    0.45018007    -9.20039707
    0.46018407   -17.57238846
    0.47018808     9.72205572
    0.48019208   -58.43061822
    0.49019608     1.17064335
    0.50020008    39.78529613
    0.51020408    35.15992893
    0.52020808    43.00772494
    0.53021208    43.52982942
    0.54021609    54.76031528
    0.55022009   -23.22918775
    0.56022409    35.88054451
    0.57022809   -45.13553781
    0.58023209    -7.20990491
    0.59023609   -46.37212037
    0.60024010    42.69174975
    0.61024410    51.44463133
    0.62024810     5.69511580
    0.63025210    65.04185180
    0.64025610    -8.25449635
    0.65026010    16.69054462
    0.66026411    16.94499921
    0.67026811   -19.38476267
    0.68027211    25.86383742
    0.69027611    71.07901074
    0.70028011   -17.65417898
    0.71028411    40.25786163
    0.72028812     8.82633255
    0.73029212    66.73405409
    0.74029612    28.34244751
    0.75030012    34.29871459
    0.76030412    33.49040811
    0.77030812    21.85125778
    0.78031212   -27.31124364
    0.79031613    56.49440969
    0.80032013   -26.19283253
    0.81032413    22.26670156
    0.82032813    33.71453712
    0.83033213    -9.66287605
    0.84033613    20.00850336
    0.85034014    50.87503567
    0.86034414    15.29723669
    0.87034814   -10.45770628
    0.88035214   -71.08863087
    0.89035614   -12.59038980
    0.90036014    -0.98637689
    0.91036415     1.43445880
    0.92036815   -11.69207820
    0.93037215    28.60732263
    0.94037615     0.22770062
    0.95038015    14.36563830
    0.96038415    38.20155705
    0.97038816    -7.65374136
    0.98039216     9.18297821
    0.99039616    83.11324780
    1.00040016    44.77676486
    1.01040416   -20.07866334
    1.02040816    16.51426494
    1.03041216    36.01992934
    1.04041617    56.26817732
    1.05042017    23.91212974
    1.06042417     3.70337344
    1.07042817    -2.11685547
    1.08043217    39.32871389
    1.09043617    29.54637874
    1.10044018     4.83264388
    1.11044418    14.83724491
    1.12044818     8.20056514
    1.13045218    42.60314170
    1.14045618     0.34129192
    1.15046018    35.80903895
    1.16046419    46.93845610
    1.17046819    36.15643896
    1.18047219    -3.28237781
    1.19047619    62.27023516
    1.20048019     1.74950832
    1.21048419    35.06414991
    1.22048820    -0.15395713
    1.23049220   -29.70245356
    1.24049620    29.56790580
    1.25050020    31.58077144
    1.26050420    20.82057949
    1.27050820    31.59972643
    1.28051220     4.03897774
    1.29051621     1.54076012
    1.30052021    18.79516938
    1.31052421    81.28910826
    1.32052821    48.62793469
    1.33053221     8.75620143
    1.34053621    41.28956523
    1.35054022    10.34920202
    1.36054422    11.15404699
    1.37054822    50.82187395
    1.38055222     9.45665008
    1.39055622   -24.88346291
    1.40056022    -1.63852897
    1.41056423    28.37925174
    1.42056823    29.73725957
    1.43057223    63.31549406
    1.44057623     4.75594070
    1.45058023    48.35014366
    1.46058423    39.35437021
    1.47058824    22.27388818
    1.48059224    51.98828788
    1.49059624    41.84494153
    1.50060024     1.38025597
    1.51060424    59.56789545
    1.52060824    -9.04208388
    1.53061224    29.54076041
    1.54061625    27.99267184
    1.55062025    40.82519241
    1.56062425     6.48961275
    1.57062825    27.37053290
    1.58063225    24.36617026
    1.59063625    58.66307634
    1.60064026     5.03835481
    1.61064426    31.26324614
    1.62064826    21.40846314
    1.63065226    -9.53121291
    1.64065626   109.85777829
    1.65066026    27.60175937
    1.66066427   -14.69777977
    1.67066827    72.32410795
    1.68067227    -1.88922594
    1.69067627    41.51717947
    1.70068027    56.43848424
    1.71068427    11.26270000
    1.72068828    17.95079492
    1.73069228    14.83091958
    1.74069628    27.31942152
    1.75070028   -17.31266717
    1.76070428    -5.54732441
    1.77070828    27.45847606
    1.78071228    63.01061492
    1.79071629    50.95404428
    1.80072029    84.04359329
    1.81072429    53.14167236
    1.82072829    17.14494896
    1.83073229    28.95191030
    1.84073629   -28.11652278
    1.85074030     4.12977795
    1.86074430     2.49967482
    1.87074830    41.38535082
    1.88075230    52.85920828
    1.89075630    16.76954792
    1.90076030    16.08180634
    1.91076431   -12.50404855
    1.92076831    30.21520083
    1.93077231    41.64820350
    1.94077631    47.73135372
    1.95078031    11.03107657
    1.96078431    94.32112028
    1.97078832    70.67191956
    1.98079232    32.11643718
    1.99079632    19.31098197
    2.00080032     5.63177780
    2.01080432    19.96558452
    2.02080832    15.02484670
    2.03081232    30.24119511
    2.04081633    38.95558656
    2.05082033    57.02486301
    2.06082433    50.60611141
    2.07082833    13.03152542
    2.08083233    28.13578604
    2.09083633     5.02397130
    2.10084034    -0.82967141
    2.11084434    74.26053137
    2.12084834     3.28876436
    2.13085234    76.95433997
    2.14085634     6.90883279
    2.15086034    25.11196707
    2.16086435    50.35644986
    2.17086835    18.53840102
    2.18087235    29.76070218
    2.19087635    10.87122811
    2.20088035     3.99247827
    2.21088435    13.42998732
    2.22088836    -0.94352993
    2.23089236    67.63379523
    2.24089636    13.80528027
    2.25090036    70.65986242
    2.26090436   -61.43031074
    2.27090836    19.81835011
    2.28091236    36.26666527
    2.29091637    10.73547753
    2.30092037    52.53131596
    2.31092437    39.02371110
    2.32092837    11.73576025
    2.33093237    33.16447018
    2.34093637   104.61057602
    2.35094038    27.95371331
    2.36094438    29.51816519
    2.37094838     7.47219129
    2.38095238    24.81527550
    2.39095638   -17.72944101
    2.40096038    15.13731317
    2.41096439    94.95086990
    2.42096839    53.37652069
    2.43097239    40.73907836
    2.44097639    54.75010328
    2.45098039    78.22068649
    2.46098439    39.71085106
    2.47098840    84.16432034
    2.48099240    54.26625705
    2.49099640    27.30181677
    2.50100040    74.02403542
    2.51100440   -48.20361529
    2.52100840     5.56502557
    2.53101240    30.81135159
    2.54101641    -4.39316458
    2.55102041    18.41920892
    2.56102441     4.06820658
    2.57102841     3.73002256
    2.58103241   104.85038608
    2.59103641    42.44650024
    2.60104042    22.13310475
    2.61104442    63.33538145
    2.62104842    16.88863152
    2.63105242    50.69690242
    2.64105642    34.78870780
    2.65106042    73.18852391
    2.66106443   -18.07817871
    2.67106843    47.61579763
    2.68107243    28.43742185
    2.69107643    -9.82624998
    2.70108043    56.98273509
    2.71108443    -1.02670653
    2.72108844    73.84570559
    2.73109244    40.78488192
    2.74109644    46.37970341
    2.75110044    28.05154823
    2.76110444    52.89587307
    2.77110844   -30.08777681
    2.78111244    28.24487887
    2.79111645     7.27635315
    2.80112045    34.72406329
    2.81112445    24.94946680
    2.82112845    44.98097247
    2.83113245     1.47369540
    2.84113645    81.89573793
    2.85114046    96.31502025
    2.86114446    20.70837816
    2.87114846    26.62483968
    2.88115246    35.81745434
    2.89115646    65.22952080
    2.90116046    84.32973314
    2.91116447    -8.63609150
    2.92116847     9.19955350
    2.93117247    -4.09752576
    2.94117647    -5.50240088
    2.95118047   -21.18445103
    2.96118447    38.99146966
    2.97118848    -6.55127538
    2.98119248    73.42965437
    2.99119648    55.69285709
    3.00120048    -2.33696884
    3.01120448    -2.24139989
    3.02120848    10.40338715
    3.03121248    70.88346382
    3.04121649     3.50537455
    3.05122049   -15.70428222
    3.06122449    27.72761872
    3.07122849    40.51967498
    3.08123249     9.70740636
    3.09123649    78.11472117
    3.10124050    36.85167718
    3.11124450    43.33479388
    3.12124850     4.18287381
    3.13125250    28.76166306
    3.14125650    25.36220316
    3.15126050   -38.00584094
    3.16126451    38.89441881
    3.17126851   -23.47678615
    3.18127251    29.60608100
    3.19127651   -13.64690750
    3.20128051    91.26212399
    3.21128451    40.56119982
    3.22128852    56.71428544
    3.23129252    58.54352384
    3.24129652    -8.66216161
    3.25130052   -37.28255521
    3.26130452    21.38207914
    3.27130852    58.28161922
    3.28131253    34.19535784
    3.29131653    55.12397726
    3.30132053    59.75616510
    3.31132453   -13.01905730
    3.32132853    40.47852407
    3.33133253    90.93689570
    3.34133653    14.92081945
    3.35134054   -28.74175802
    3.36134454    25.26637168
    3.37134854    18.37603333
    3.38135254    44.95959558
    3.39135654     5.72752714
    3.40136054    35.31225408
    3.41136455   -33.84126320
    3.42136855    58.39016017
    3.43137255    80.46672795
    3.44137655    71.88601058
    3.45138055   -12.41836009
    3.46138455    42.70189855
    3.47138856   -56.30571401
    3.48139256    41.79582303
    3.49139656    31.45576699
    3.50140056    23.59854426
    3.51140456    63.87147843
    3.52140856    57.78282478
    3.53141257    81.91168316
    3.54141657    57.62953498
    3.55142057    60.94423985
    3.56142457    -4.37612052
    3.57142857    19.26644354
    3.58143257    39.86270124
    3.59143657    63.12603477
    3.60144058    54.11221592
    3.61144458    99.40783408
    3.62144858    28.35575461
    3.63145258    47.35043710
    3.64145658    62.27015044
    3.65146058    47.75059810
    3.66146459    69.64018279
    3.67146859    37.73259574
    3.68147259    97.53591737
    3.69147659    45.41356921
    3.70148059    88.55471093
    3.71148459    54.24179230
    3.72148860    99.97055689
    3.73149260    13.35485387
    3.74149660    70.87516231
    3.75150060    42.46629895
    3.76150460    62.45741998
    3.77150860    91.37081068
    3.78151261    21.48446125
    3.79151661    16.06663292
    3.80152061    25.84612791
    3.81152461    63.49781966
    3.82152861  -150.00000000
    3.83153261    58.90046465
    3.84153661    17.48317348
    3.85154062    21.82524537
    3.86154462    45.12786017
    3.87154862    67.68685727
    3.88155262    37.54167605
    3.89155662    41.63741934
    3.90156062    55.20747718
    3.91156463    48.34424813
    3.92156863   -23.70637488
    3.93157263    43.74864075
    3.94157663    59.26241401
    3.95158063    89.70815002
    3.96158463   118.22546102
    3.97158864    76.90526416
    3.98159264    59.32798341
    3.99159664    28.07133998
    4.00160064    59.74430835
    4.01160464    80.49751378
    4.02160864    95.12728924
    4.03161265    30.82937217
    4.04161665    64.39308493
    4.05162065    81.82468993
    4.06162465   113.23597836
    4.07162865    65.13384812
    4.08163265    41.27495970
    4.09163665    36.88545095
    4.10164066    46.90301960
    4.11164466    38.12086695
    4.12164866    82.52621039
    4.13165266    89.86039827
    4.14165666    79.57745218
    4.15166066    93.64728448
    4.16166467    44.31801900
    4.17166867    69.38993265
    4.18167267    46.48821867
    4.19167667    59.38553446
    4.20168067    94.87243232
    4.21168467    57.27731281
    4.22168868     2.27113579
    4.23169268    50.67619263
    4.24169668    36.91996545
    4.25170068    13.08215688
    4.26170468    34.68233460
    4.27170868    87.25510740
    4.28171269   108.90616358
    4.29171669    43.85056606
    4.30172069    88.63814757
    4.31172469    93.94948222
    4.32172869    23.84921900
    4.33173269    57.50169450
    4.34173669    57.38777950
    4.35174070    63.93158394
    4.36174470    10.98533782
    4.37174870    48.36086273
    4.38175270    90.60645275
    4.39175670    96.77401764
    4.40176070   113.88430736
    4.41176471    48.85311462
    4.42176871   115.09797116
    4.43177271    79.02367342
    4.44177671    18.30367740
    4.45178071    81.96059969
    4.46178471    48.57594512
    4.47178872    74.74807480
    4.48179272    56.13092481
    4.49179672    95.48407371
    4.50180072    66.96340556
    4.51180472    50.82055111
    4.52180872    88.27318990
    4.53181273    67.03879935
    4.54181673    46.99079700
    4.55182073    97.72447633
    4.56182473    47.18205785
    4.57182873    40.34395184
    4.58183273    43.29575469
    4.59183673    15.54323819
    4.60184074    42.93500574
    4.61184474   115.38078355
    4.62184874    32.32857846
    4.63185274    59.85171888
    4.64185674    26.37511784
    4.65186074    41.30090143
    4.66186475   105.22254930
    4.67186875    86.57215585
    4.68187275    41.39308300
    4.69187675    59.90571703
    4.70188075    34.95692486
    4.71188475    36.22822326
    4.72188876    32.32646778
    4.73189276    32.87309992
    4.74189676    69.58134037
    4.75190076    77.72163543
    4.76190476    74.47950261
    4.77190876    54.76291853
    4.78191277    19.11787351
    4.79191677    57.85852939
    4.80192077    32.15505392
    4.81192477    86.33433128
    4.82192877    76.59942516
    4.83193277    82.32313054
    4.84193677    49.47499110
    4.85194078     5.60452944
    4.86194478    88.68046849
    4.87194878    96.74109668
    4.88195278    15.45924616
    4.89195678    64.10292128
    4.90196078    95.76912056
    4.91196479    27.70534756
    4.92196879   113.01245576
    4.93197279    49.51532475
    4.94197679    27.72832859
    4.95198079   101.14291403
    4.96198479    68.83168521
    4.97198880    40.40353198
    4.98199280    86.39267850
    4.99199680     1.32679650
    5.00200080   114.45917945
    5.01200480    35.51207148
    5.02200880    68.57809398
    5.03201281    48.03848055
    5.04201681    73.08173634
    5.05202081    86.62975923
    5.06202481    35.27202647
    5.07202881    83.57552670
    5.08203281    51.15907877
    5.09203681    39.33913549
    5.10204082    53.24786476
    5.11204482    29.82457465
    5.12204882    36.08587317
    5.13205282    88.42239091
    5.14205682    55.41556764
    5.15206082    94.17754299
    5.16206483    72.87495906
    5.17206883    29.13330762
    5.18207283     2.96572919
    5.19207683    39.27354130
    5.20208083    67.80292277
    5.21208483    60.13125649
    5.22208884    34.95114973
    5.23209284    90.22494561
    5.24209684     7.45483865
    5.25210084    22.05252241
    5.26210484    63.61555854
    5.27210884   125.59379486
    5.28211285    72.18252845
    5.29211685    29.59032881
    5.30212085    77.50965664
    5.31212485    80.21367353
    5.32212885    87.82872819
    5.33213285    47.37773879
    5.34213685    35.66194664
    5.35214086    63.17973398
    5.36214486    72.07034873
    5.37214886   107.53745773
    5.38215286   122.25757588
    5.39215686    37.55313257
    5.40216086    43.83261456
    5.41216487    57.59051582
    5.42216887    51.97990222
    5.43217287    74.02154047
    5.44217687    73.99413384
    5.45218087    67.13252280
    5.46218487    99.69076093
    5.47218888    54.58571697
    5.48219288    27.78864289
    5.49219688    12.46609476
    5.50220088    28.41060025
    5.51220488    27.89713849
    5.52220888     2.69165584
    5.53221289    79.05891380
    5.54221689    64.68964133
    5.55222089    46.41556593
    5.56222489    32.36983612
    5.57222889    11.60471851
    5.58223289    31.40748310
    5.59223689   114.40175115
    5.60224090    -7.39444372
    5.61224490    63.14786494
    5.62224890    81.16632077
    5.63225290    62.90425940
    5.64225690    49.27864476
    5.65226090    81.78692992
    5.66226491    25.60620282
    5.67226891    75.33315960
    5.68227291   101.54791053
    5.69227691    27.34535833
    5.70228091    33.95060960
    5.71228491    62.58226663
    5.72228892    88.14910495
    5.73229292    98.59365823
    5.74229692    78.79472915
    5.75230092    38.24697193
    5.76230492    24.85523222
    5.77230892    65.53195355
    5.78231293    70.14473248
    5.79231693    25.13426690
    5.80232093    59.89780898
    5.81232493    68.02390263
    5.82232893    89.36080927
    5.83233293    28.24354618
    5.84233693    74.62032845
    5.85234094    22.78351198
    5.86234494    45.01402828
    5.87234894    55.41255594
    5.88235294   103.24702633
    5.89235694   157.08677594
    5.90236094    65.21155968
    5.91236495    72.41090597
    5.92236895    87.72481272
    5.93237295    16.59471283
    5.94237695    80.35956942
    5.95238095    20.08217254
    5.96238495   106.15186220
    5.97238896   100.52682484
    5.98239296    72.21126607
    5.99239696    32.90655918
    6.00240096   107.09014768
    6.01240496    64.78135224
    6.02240896    60.23875579
    6.03241297    74.25793610
    6.04241697     5.44086300
    6.05242097    69.60530608
    6.06242497    86.57207072
    6.07242897    66.79679837
    6.08243297    60.92191473
    6.09243697    27.89123363
    6.10244098    75.74388863
    6.11244498    62.38702137
    6.12244898    56.58001892
    6.13245298    39.34655395
    6.14245698    81.86187546
    6.15246098    93.52575901
    6.16246499    67.68754468
    6.17246899    82.87800960
    6.18247299    95.68806142
    6.19247699   103.48346970
    6.20248099    62.53886116
    6.21248499    49.29968645
    6.22248900    43.18077129
    6.23249300    55.97062851
    6.24249700    72.04573240
    6.25250100    83.56017215
    6.26250500    42.53988005
    6.27250900    59.76474732
    6.28251301    25.29795413
    6.29251701    93.04006369
    6.30252101    43.30255627
    6.31252501    65.70872234
    6.32252901    33.31414430
    6.33253301    45.87058040
    6.34253701    34.16205248
    6.35254102   105.81346559
    6.36254502    65.36737443
    6.37254902    49.51457636
    6.38255302    25.99956257
    6.39255702    36.04021871
    6.40256102    71.33020331
    6.41256503   104.16610721
    6.42256903    11.18046175
    6.43257303    26.51396544
    6.44257703    48.66941926
    6.45258103    35.01221268
    6.46258503     4.00140824
    6.47258904    54.27226870
    6.48259304    76.13982829
    6.49259704     6.21025701
    6.50260104    59.76690845
    6.51260504    82.29229193
    6.52260904    82.67538704
    6.53261305    40.58238281
    6.54261705   122.23338613
    6.55262105    69.65620362
    6.56262505    28.58217813
    6.57262905    82.35397341
    6.58263305    19.05768490
    6.59263705    79.50320543
    6.60264106    14.69276936
    6.61264506    76.17943565
    6.62264906    34.86454597
    6.63265306    86.24776413
    6.64265706    74.40665155
    6.65266106    65.50925809
    6.66266507    53.75817037
    6.67266907    84.51534829
    6.68267307    -2.29024627
    6.69267707    64.69128001
    6.70268107    64.02175890
    6.71268507    68.38689275
    6.72268908    76.21236983
    6.73269308   162.40185353
    6.74269708    54.73368069
    6.75270108    75.26677489
    6.76270508    55.60392694
    6.77270908    98.11349316
    6.78271309    -9.79078734
    6.79271709   101.67152687
    6.80272109    30.11798126
    6.81272509   -17.33649237
    6.82272909    18.08325263
    6.83273309    45.09081524
    6.84273709    56.05083115
    6.85274110    48.74331507
    6.86274510    74.52067483
    6.87274910    48.85642667
    6.88275310    47.91090836
    6.89275710   -14.60402123
    6.90276110    64.21588384
    6.91276511    79.79644023
    6.92276911    36.76214286
    6.93277311    -7.03755047
    6.94277711     9.07197784
    6.95278111    99.26567011
    6.96278511    30.76379743
    6.97278912    28.90320861
    6.98279312    24.14742025
    6.99279712    69.04722309
    7.00280112    30.87465929
    7.01280512    22.32779556
    7.02280912     3.09617858
    7.03281313    44.94092482
    7.04281713    78.09068071
    7.05282113    43.51114562
    7.06282513    74.30213052
    7.07282913    52.98426712
    7.08283313    52.04204580
    7.09283713    52.86112068
    7.10284114    48.40970059
    7.11284514    78.04666547
    7.12284914    61.77969193
    7.13285314    29.68390879
    7.14285714    50.76849035
    7.15286114    44.51314634
    7.16286515    61.22177900
    7.17286915    51.96459237
    7.18287315    58.87324437
    7.19287715     1.99660558
    7.20288115    57.58389304
    7.21288515    85.48396079
    7.22288916     5.44876651
    7.23289316    93.86109295
    7.24289716    54.62337745
    7.25290116    39.35636848
    7.26290516    -8.66864358
    7.27290916    77.97063976
    7.28291317    16.13252340
    7.29291717    29.75912012
    7.30292117    61.34735960
    7.31292517    14.07777973
    7.32292917    15.11467489
    7.33293317    10.05532660
    7.34293717    41.12654978
    7.35294118    61.99662765
    7.36294518    56.30345867
    7.37294918    56.30766605
    7.38295318    33.63204419
    7.39295718    48.04296938
    7.40296118    22.99866689
    7.41296519   103.50071959
    7.42296919    49.28241530
    7.43297319   -15.33924891
    7.44297719    11.10036176
    7.45298119    91.08753709
    7.46298519     1.92226599
    7.47298920    29.65404886
    7.48299320    54.76124940
    7.49299720     9.62093153
    7.50300120    74.38452699
    7.51300520    92.62521586
    7.52300920    17.37644430
    7.53301321    75.86298122
    7.54301721    15.11249852
    7.55302121    11.77535554
    7.56302521    48.94865741
    7.57302921    48.57988631
    7.58303321    23.42431585
    7.59303721    66.42912907
    7.60304122    -3.04443032
    7.61304522    15.22325283
    7.62304922     8.41895744
    7.63305322    63.36735465
    7.64305722    64.59451506
    7.65306122    60.34626679
    7.66306523     1.33024534
    7.67306923    44.04111244
    7.68307323    53.64708721
    7.69307723    -8.73289852
    7.70308123    14.98433390
    7.71308523    58.86923192
    7.72308924    60.46083100
    7.73309324    46.86570593
    7.74309724    55.32800089
    7.75310124    48.64529505
    7.76310524    43.27627313
    7.77310924    35.35692105
    7.78311325    12.34719356
    7.79311725    30.97886424
    7.80312125    26.11264018
    7.81312525   107.58772709
    7.82312925    45.71572908
    7.83313325    37.44130036
    7.84313725    30.65610337
    7.85314126    34.01217872
    7.86314526    29.15285584
    7.87314926    53.51417721
    7.88315326    36.14147877
    7.89315726    61.20864540
    7.90316126    15.87203819
    7.91316527    47.08506248
    7.92316927    62.74305349
    7.93317327     1.65058050
    7.94317727    41.16107442
    7.95318127    43.38926543
    7.96318527    25.78373599
    7.97318928    21.05988314
    7.98319328   -20.12438487
    7.99319728    69.83541125
    8.00320128     7.23056543
    8.01320528    -2.14567931
    8.02320928    54.64965240
    8.03321329   -20.20952585
    8.04321729    63.50297184
    8.05322129    47.47719328
    8.06322529    52.23874919
    8.07322929    29.22113796
    8.08323329    -2.53446895
    8.09323729   -22.83253164
    8.10324130    77.37881375
    8.11324530    19.35998734
    8.12324930    17.86121286
    8.13325330    80.66963214
    8.14325730    14.10544935
    8.15326130    25.75118071
    8.16326531    25.62214089
    8.17326931    28.45010124
    8.18327331     1.23211538
    8.19327731    15.45011772
    8.20328131    70.66203925
    8.21328531    54.77068380
    8.22328932   -57.53566314
    8.23329332   -27.13796039
    8.24329732    41.46667224
    8.25330132    27.90820993
    8.26330532    19.90000589
    8.27330932    62.25663085
    8.28331333   -22.71498103
    8.29331733    66.63860271
    8.30332133    34.43630879
    8.31332533    46.77820175
    8.32332933    37.76425580
    8.33333333    55.38422059
    8.34333733    22.32659108
    8.35334134    13.40505402
    8.36334534    52.95589204
    8.37334934    34.59750114
    8.38335334    -8.44886137
    8.39335734    69.50330602
    8.40336134    65.17261677
    8.41336535    71.92733399
    8.42336935    30.90933996
    8.43337335    38.86836336
    8.44337735    16.73978056
    8.45338135    -1.16543490
    8.46338535    29.81672187
    8.47338936    32.98065575
    8.48339336     7.63512536
    8.49339736    82.24110745
    8.50340136     8.70484554
    8.51340536    32.55370388
    8.52340936    36.70439843
    8.53341337    95.41292136
    8.54341737    48.81000614
    8.55342137    46.59027146
    8.56342537    29.60412080
    8.57342937    33.06418059
    8.58343337    16.69036766
    8.59343737    86.12474892
    8.60344138    73.75476469
    8.61344538    85.01823119
    8.62344938    35.27532970
    8.63345338   130.33229639
    8.64345738    25.36384557
    8.65346138    -6.98302825
    8.66346539    45.69601640
    8.67346939    58.40058179
    8.68347339    76.80466843
    8.69347739    23.41873884
    8.70348139    71.49429039
    8.71348539   104.83094466
    8.72348940    27.86413595
    8.73349340    31.04316191
    8.74349740     1.98838755
    8.75350140    60.12824599
    8.76350540    78.44802022
    8.77350940    75.55919348
    8.78351341    77.38481255
    8.79351741    94.68544864
    8.80352141    55.84901816
    8.81352541    80.43338910
    8.82352941    23.12598355
    8.83353341    27.77136015
    8.84353741    58.54838513
    8.85354142    26.60538181
    8.86354542    68.12055336
    8.87354942    92.04421596
    8.88355342    62.72177369
    8.89355742    28.31554730
    8.90356142    27.80682433
    8.91356543    91.04450131
    8.92356943    25.96163914
    8.93357343    52.40724417
    8.94357743    41.78269531
    8.95358143    50.96180659
    8.96358543    82.08367754
    8.97358944    32.85004472
    8.98359344     6.52310683
    8.99359744    92.20784529
    9.00360144    55.16686941
    9.01360544    70.06882034
    9.02360944    47.53592470
    9.03361345    71.26610104
    9.04361745    85.69950074
    9.05362145    88.56695270
    9.06362545    39.19315655
    9.07362945    36.65165297
    9.08363345    58.88154350
    9.09363745    53.06974817
    9.10364146    63.64742941
    9.11364546    25.16415403
    9.12364946   -23.43003809
    9.13365346    59.62997327
    9.14365746    69.38503684
    9.15366146    65.05625783
    9.16366547    95.36706673
    9.17366947    70.96846858
    9.18367347    33.56927388
    9.19367747    74.59957360
    9.20368147    42.30612669
    9.21368547    82.32994528
    9.22368948    51.62811038
    9.23369348    57.91073383
    9.24369748    50.95392415
    9.25370148    45.57401999
    9.26370548    -1.14179259
    9.27370948    45.30397150
    9.28371349   -24.78842611
    9.29371749    58.13822952
    9.30372149    42.77769404
    9.31372549    74.36908346
    9.32372949    23.87400880
    9.33373349    -9.02757109
    9.34373749   -35.40449079
    9.35374150    70.53127379
    9.36374550   -30.87469612
    9.37374950    38.59423898
    9.38375350   -57.64453889
    9.39375750     9.81376017
    9.40376150    31.66992957
    9.41376551    20.74497086
    9.42376951     9.55624770
    9.43377351   -14.12434880
    9.44377751   -16.76871420
    9.45378151    40.50437744
    9.46378551    23.13156674
    9.47378952     5.05606468
    9.48379352    15.89247407
    9.49379752   -18.29954657
    9.50380152    39.98401245
    9.51380552    46.95818739
    9.52380952   -14.45298669
    9.53381353    11.81665392
    9.54381753    40.01685122
    9.55382153   -10.87210356
    9.56382553    69.23329315
    9.57382953    53.32801493
    9.58383353    -0.54405488
    9.59383754    36.99838716
    9.60384154    57.31404282
    9.61384554   -30.06171430
    9.62384954    25.65050502
    9.63385354     2.55598263
    9.64385754     0.20303626
    9.65386154    27.82090262
    9.66386555    -7.98810083
    9.67386955   -35.85590764
    9.68387355   -36.71581849
    9.69387755     5.16932147
    9.70388155    24.44069346
    9.71388555     4.66957386
    9.72388956     0.62017249
    9.73389356     4.08625495
    9.74389756    43.50159949
    9.75390156    20.54782618
    9.76390556   -17.93113542
    9.77390956    -4.40541787
    9.78391357    40.21067721
    9.79391757   -13.52721572
    9.80392157    -8.14842189
    9.81392557     2.75349511
    9.82392957   -28.63016877
    9.83393357    30.19990005
    9.84393758   -62.74368716
    9.85394158    46.29333359
    9.86394558   -10.49096626
    9.87394958   -35.32207500
    9.88395358    10.65484336
    9.89395758   -49.33822533
    9.90396158    17.93051709
    9.91396559    24.83023301
    9.92396959   -15.84430714
    9.93397359   -10.42238401
    9.94397759    29.51828686
    9.95398159   -19.25494534
    9.96398559     1.35391088
    9.97398960    10.91877475
    9.98399360    47.10050763
    9.99399760   -14.97911406
   10.00400160     0.96500953
   10.01400560    33.69622375
   10.02400960   -77.15436205
   10.03401361    -8.70984846
   10.04401761   -58.11829571
   10.05402161   -56.22045585
   10.06402561    57.50233068
   10.07402961     4.94309471
   10.08403361    42.92079769
   10.09403762    -9.01461168
   10.10404162    44.25279288
   10.11404562    14.90074752
   10.12404962    11.25376819
   10.13405362    25.23473836
   10.14405762    31.13547281
   10.15406162    73.09522358
   10.16406563    21.00396475
   10.17406963    38.11567673
   10.18407363    18.82452622
   10.19407763    30.69003205
   10.20408163   -13.17951435
   10.21408563    58.71029046
   10.22408964    10.15321401
   10.23409364    26.83741972
   10.24409764    18.97886128
   10.25410164    54.75481874
   10.26410564    40.67736611
   10.27410964    25.22933456
   10.28411365    29.90171061
   10.29411765    34.76708178
   10.30412165    46.97249824
   10.31412565    39.29726542
   10.32412965    62.45706438
   10.33413365    72.26602474
   10.34413766    41.95824825
   10.35414166   -16.33991933
   10.36414566    75.58621423
   10.37414966    87.46096084
   10.38415366    11.85342969
   10.39415766    10.16929801
   10.40416166   -39.36467937
   10.41416567    45.59245993
   10.42416967    -8.20753247
   10.43417367    76.72554038
   10.44417767   -52.66404293
   10.45418167    23.63980544
   10.46418567    41.51575472
   10.47418968     9.02614123
   10.48419368    -2.95551281
   10.49419768    28.19897773
   10.50420168     4.70801040
   10.51420568    10.05160647
   10.52420968    18.98208943
   10.53421369     3.25807030
   10.54421769    12.95135673
   10.55422169    43.21147574
   10.56422569     7.68911858
   10.57422969    24.21268039
   10.58423369    -3.62416246
   10.59423770    46.26187196
   10.60424170   -19.93165852
   10.61424570    47.18667473
   10.62424970   -72.50298805
   10.63425370    -9.21171225
   10.64425770   -29.75566166
   10.65426170    48.16670410
   10.66426571    25.62529656
   10.67426971   -21.97936216
   10.68427371    -0.04109882
   10.69427771    57.11904630
   10.70428171    14.80970691
   10.71428571    33.17496481
   10.72428972   -29.16425828
   10.73429372   -29.29775491
   10.74429772    32.75775120
   10.75430172    84.57073487
   10.76430572    -1.03728186
   10.77430972    32.65964303
   10.78431373   -13.63809696
   10.79431773    52.02584521
   10.80432173     0.63430855
   10.81432573     1.00546885
   10.82432973   -42.91380573
   10.83433373     1.17934236
   10.84433774    19.00816404
   10.85434174    54.56188371
   10.86434574   -22.22655726
   10.87434974    42.23754157
   10.88435374     2.30274835
   10.89435774     3.74066507
   10.90436174   -16.28035162
   10.91436575   -39.10813687
   10.92436975   -24.70640564
   10.93437375    60.24169550
   10.94437775   -24.49909611
   10.95438175    -2.06232392
   10.96438575    43.94178183
   10.97438976   -52.87044756
   10.98439376    23.61853993
   10.99439776    -5.30069446
   11.00440176    15.41927728
   11.01440576    35.58693305
   11.02440976     4.85652396
   11.03441377     3.33308222
   11.04441777    30.84269370
   11.05442177    28.01975541
   11.06442577   -12.87989487
   11.07442977     2.89565978
   11.08443377   -31.96956272
   11.09443778    46.92439675
   11.10444178   -28.32653675
   11.11444578    13.41699078
   11.12444978    60.03536790
   11.13445378    31.68083336
   11.14445778    -1.35038960
   11.15446178   -14.61784537
   11.16446579   -11.70757845
   11.17446979    34.54709102
   11.18447379    17.08149255
   11.19447779     6.62225509
   11.20448179    84.84005774
   11.21448579   -18.49255212
   11.22448980    -8.28285675
   11.23449380    -4.99112577
   11.24449780    12.63421138
   11.25450180    15.24935459
   11.26450580    -2.36829081
   11.27450980    27.75117870
   11.28451381    21.65787712
   11.29451781    -3.80818741
   11.30452181   -68.57679369
   11.31452581    28.50550307
   11.32452981   -24.02542577
   11.33453381   -15.41365106
   11.34453782    -0.44231503
   11.35454182   -33.53193312
   11.36454582   -20.94929763
   11.37454982     4.90335205
   11.38455382    -7.81894484
   11.39455782    11.70942664
   11.40456182   -23.84397995
   11.41456583    -5.33322077
   11.42456983   -30.42864353
   11.43457383    -7.37177718
   11.44457783     9.61960412
   11.45458183    -6.54669481
   11.46458583   -42.32504712
   11.47458984    -5.21053188
   11.48459384     4.76533352
   11.49459784    34.15002183
   11.50460184    -1.18964855
   11.51460584   -12.42595419
   11.52460984   -35.36663666
   11.53461385    59.32873492
   11.54461785   -29.02927940
   11.55462185   -34.54414666
   11.56462585    -5.38033959
   11.57462985   -55.68763460
   11.58463385    31.04853588
   11.59463786     4.18100195
   11.60464186    13.23921301
   11.61464586   -30.93923859
   11.62464986   -16.95312040
   11.63465386    23.89168179
   11.64465786    25.17338811
   11.65466186    83.00234502
   11.66466587    30.79068866
   11.67466987   -59.04543673
   11.68467387     0.24443778
   11.69467787   -13.38467309
   11.70468187    30.21515546
   11.71468587    -5.41726780
   11.72468988    11.83120825
   11.73469388   -12.54231023
   11.74469788    15.18903114
   11.75470188    40.64408790
   11.76470588   -21.72942750
   11.77470988   -64.60464860
   11.78471389   -34.64399437
   11.79471789    43.09964113
   11.80472189     2.75409326
   11.81472589   -12.90733693
   11.82472989   -33.09248813
   11.83473389    27.15100392
   11.84473790     4.15793443
   11.85474190    -8.01043853
   11.86474590   -21.02188778
   11.87474990    -9.59363245
   11.88475390   -14.67700310
   11.89475790    11.93819191
   11.90476190    32.82754176
   11.91476591   -64.30267769
   11.92476991   -49.25151314
   11.93477391    -8.76319366
   11.94477791    -3.60162765
   11.95478191   -52.70517045
   11.96478591   -24.95723515
   11.97478992   -18.54999993
   11.98479392   -19.95573290
   11.99479792   -20.72869954
   12.00480192    -9.54879076
   12.01480592    19.40852294
   12.02480992    14.94266823
   12.03481393    10.36603954
   12.04481793     0.69108193
   12.05482193   -29.20939640
   12.06482593   -22.37821476
   12.07482993    12.76685642
   12.08483393    -4.73136702
   12.09483794    15.67222022
   12.10484194    -0.49401841
   12.11484594    -6.76903834
   12.12484994     4.49350686
   12.13485394   -55.08765444
   12.14485794   -13.81815251
   12.15486194   -26.82995115
   12.16486595    16.02486234
   12.17486995   -29.63599979
   12.18487395    -2.66950373
   12.19487795   -22.73933088
   12.20488195     4.21959441
   12.21488595    11.34232977
   12.22488996   -16.66453110
   12.23489396    -7.43071313
   12.24489796    -5.46321324
   12.25490196    12.32066503
   12.26490596   -20.91749991
   12.27490996   -10.07533210
   12.28491397   -24.24953565
   12.29491797   -40.45120188
   12.30492197    -6.54972463
   12.31492597     0.78539670
   12.32492997   -36.45578692
   12.33493397    34.93170502
   12.34493798   -34.93916139
   12.35494198     9.73985552
   12.36494598    -1.55774735
   12.37494998   -64.13126969
   12.38495398   -13.90607665
   12.39495798   -60.51517804
   12.40496198   -16.64501980
   12.41496599     6.69043749
   12.42496999    41.71095698
   12.43497399     9.68406625
   12.44497799   -59.83277820
   12.45498199   -24.70477643
   12.46498599    30.78020659
   12.47499000    -9.00956219
   12.48499400    38.46859110
   12.49499800   -36.49495682
   12.50500200   -61.60667188
   12.51500600   -85.55419546
   12.52501000   -56.68110630
   12.53501401    -7.55067999
   12.54501801   -73.32259376
   12.55502201   -20.49630150
   12.56502601   -31.92235634
   12.57503001   -22.15270050
   12.58503401   -53.74678912
   12.59503802   -45.40250065
   12.60504202    17.96125613
   12.61504602   -83.84818103
   12.62505002   -23.66830826
   12.63505402    -0.93620633
   12.64505802   -32.91133515
   12.65506202     2.84601212
   12.66506603  -136.10788710
   12.67507003   -56.36013661
   12.68507403   -82.50587873
   12.69507803   -60.07538426
   12.70508203   -50.95628405
   12.71508603   -33.39352131
   12.72509004   -73.71196911
   12.73509404   -21.92372779
   12.74509804   -95.61783525
   12.75510204   -19.59985286
   12.76510604   -56.20997914
   12.77511004  -102.13044128
   12.78511405  -102.38976499
   12.79511805  -103.13635912
   12.80512205   -79.34130415
   12.81512605   -46.13131215
   12.82513005   -10.16383200
   12.83513405   -26.35312045
   12.84513806   -90.16553944
   12.85514206  -119.41403706
   12.86514606   -59.56243683
   12.87515006   -93.51646452
   12.88515406   -56.16862380
   12.89515806   -71.66941449
   12.90516206    25.98085738
   12.91516607  -103.12558411
   12.92517007   -42.10176976
   12.93517407     4.04714154
   12.94517807   -64.20475005
   12.95518207   -75.54092423
   12.96518607    -1.72271705
   12.97519008  -116.06249690
   12.98519408  -104.06618235
   12.99519808   -89.58570864
   13.00520208   -40.81230033
   13.01520608   -29.64954334
   13.02521008   -56.83460662
   13.03521409    12.58216910
   13.04521809   -59.32147480
   13.05522209   -53.26873404
   13.06522609   -62.47851021
   13.07523009   -16.24329197
   13.08523409   -52.91419974
   13.09523810   -65.14055403
   13.10524210    -2.44573974
   13.11524610   -14.30762645
   13.12525010   -22.86689738
   13.13525410   -91.44001962
   13.14525810   -85.57397403
   13.15526210   -60.52781866
   13.16526611   -61.08187008
   13.17527011   -66.24106395
   13.18527411   -60.01866722
   13.19527811   -33.72123797
   13.20528211   -83.88452493
   13.21528611   -45.90922231
   13.22529012   -65.34387018
   13.23529412   -67.96616450
   13.24529812   -61.96872686
   13.25530212   -31.11583325
   13.26530612   -44.99022533
   13.27531012   -77.14441277
   13.28531413   -43.44222102
   13.29531813   -49.30816619
   13.30532213   -10.86780759
   13.31532613   -31.28264184
   13.32533013     6.82478928
   13.33533413   -11.71907568
   13.34533814   -57.74001019
   13.35534214   -61.94683643
   13.36534614   -65.73620798
   13.37535014   -11.22629047
   13.38535414   -44.14705331
   13.39535814   -33.85914182
   13.40536214   -25.44419011
   13.41536615    13.69197285
   13.42537015    42.52491687
   13.43537415   -26.75534527
   13.44537815    36.70066501
   13.45538215    -6.86554330
   13.46538615    12.88645489
   13.47539016   -31.92392968
   13.48539416   -60.97513525
   13.49539816    -9.03591479
   13.50540216    15.24253270
   13.51540616   -70.82601067
   13.52541016   -25.66626589
   13.53541417   -17.31556398
   13.54541817    -5.99896960
   13.55542217   -56.81106542
   13.56542617   -40.98453583
   13.57543017     3.77786262
   13.58543417    30.12653144
   13.59543818   -21.28381698
   13.60544218     5.05111660
   13.61544618   -19.38480988
   13.62545018   -11.58072124
   13.63545418   -36.33030679
   13.64545818   -31.64584461
   13.65546218   -42.14662830
   13.66546619   -21.91699275
   13.67547019     8.25970866
   13.68547419   -19.33537830
   13.69547819    -5.38785619
   13.70548219   -44.51073711
   13.71548619    -3.70023426
   13.72549020  -120.47380010
   13.73549420   -68.38285987
   13.74549820   -35.70087584
   13.75550220   -80.56964897
   13.76550620    -8.68484662
   13.77551020   -19.57325150
   13.78551421   -53.50661953
   13.79551821   -23.12202298
   13.80552221   -71.63072363
   13.81552621   -53.43991492
   13.82553021   -37.81523673
   13.83553421   -74.70992399
   13.84553822     5.19636605
   13.85554222   -46.25150521
   13.86554622     4.37432925
   13.87555022   -30.92656638
   13.88555422   -17.18493950
   13.89555822   -54.10481559
   13.90556222   -35.92840115
   13.91556623   -39.43717546
   13.92557023   -19.71075269
   13.93557423    14.57717311
   13.94557823   -43.83148631
   13.95558223   -31.86336603
   13.96558623   -16.15724501
   13.97559024    -1.14060125
   13.98559424   -30.44007646
   13.99559824   -38.67898531
   14.00560224   -44.76867377
   14.01560624   -27.01060850
   14.02561024   -20.00307656
   14.03561425   -47.93125595
   14.04561825   -36.62262544
   14.05562225    -4.59554048
   14.06562625   -28.24221971
   14.07563025   -44.77568037
   14.08563425    -6.28537965
   14.09563826    -6.20372089
   14.10564226   -39.27166624
   14.11564626   -37.66948605
   14.12565026   -69.66536521
   14.13565426   -51.67535336
   14.14565826   -48.40228373
   14.15566226   -54.24212356
   14.16566627  -110.71767975
   14.17567027   -58.56274194
   14.18567427   -47.48976607
   14.19567827   -43.23163164
   14.20568227   -67.09026347
   14.21568627   -57.20957788
   14.22569028  -112.49833333
   14.23569428  -103.17831574
   14.24569828  -147.45319854
   14.25570228   -65.24007156
   14.26570628    -9.62153467
   14.27571028    -5.87466346
   14.28571429   -92.35397722
   14.29571829   -38.97747982
   14.30572229   -20.75081893
   14.31572629   -67.73535666
   14.32573029  -117.67063213
   14.33573429   -15.94347548
   14.34573830   -69.45889720
   14.35574230   -70.52804994
   14.36574630    -7.37796095
   14.37575030   -44.67037563
   14.38575430   -33.44234255
   14.39575830   -10.66936122
   14.40576230   -63.24066422
   14.41576631   -88.07216474
   14.42577031   -35.04556167
   14.43577431   -58.61308747
   14.44577831   -36.23635737
   14.45578231   -46.43093015
   14.46578631   -81.29113116
   14.47579032   -57.52694100
   14.48579432   -68.37554662
   14.49579832   -65.34025526
   14.50580232   -59.48964085
   14.51580632   -47.71060801
   14.52581032   -51.97844294
   14.53581433   -96.48358063
   14.54581833   -39.22208275
   14.55582233  -101.30652639
   14.56582633     8.38218064
   14.57583033   -81.12847613
   14.58583433   -60.00018720
   14.59583834   -17.98525034
   14.60584234   -64.20698048
   14.61584634   -96.34821569
   14.62585034  -101.21504402
   14.63585434   -49.78876708
   14.64585834   -45.90668938
   14.65586234   -33.39622573
   14.66586635   -50.14495816
   14.67587035   -72.79421495
   14.68587435   -44.16078805
   14.69587835   -15.10135324
   14.70588235   -82.44321493
   14.71588635    48.99746996
   14.72589036   -70.96829179
   14.73589436   -20.80921611
   14.74589836    -1.76361670
   14.75590236   -31.04925684
   14.76590636   -49.38251731
   14.77591036   -36.77510152
   14.78591437   -18.39904392
   14.79591837  -137.88204468
   14.80592237   -44.76492838
   14.81592637   -70.78922752
   14.82593037   -79.49338992
   14.83593437   -55.15939938
   14.84593838   -53.35642087
   14.85594238   -43.94020367
   14.86594638   -76.43956924
   14.87595038   -25.03409256
   14.88595438  -121.85901909
   14.89595838   -88.23376692
   14.90596238   -65.83402805
   14.91596639   -26.23166816
   14.92597039   -44.51872457
   14.93597439   -13.66069272
   14.94597839   -53.26078459
   14.95598239     8.93958324
   14.96598639    -7.47833912
   14.97599040   -45.28508391
   14.98599440   -80.75912720
   14.99599840   -65.70282244
   15.00600240   -76.55934641
   15.01600640     7.27469803
   15.02601040    -7.27220404
   15.03601441   -68.14080932
   15.04601841    26.64723777
   15.05602241   -38.88038135
   15.06602641   -97.74093854
   15.07603041     2.70368354
   15.08603441     9.21352582
   15.09603842   -29.76054060
   15.10604242   -56.91867846
   15.11604642     7.16905253
   15.12605042   -45.11315642
   15.13605442   -30.45729823
   15.14605842   -15.79021397
   15.15606242   -20.71946702
   15.16606643   -43.70505106
   15.17607043   -61.20715865
   15.18607443    -7.23833618
   15.19607843   -96.28336513
   15.20608243   -19.89555851
   15.21608643   -21.71022560
   15.22609044   -13.98081882
   15.23609444   -40.84117085
   15.24609844   -23.13994226
   15.25610244    -5.88598927
   15.26610644   -61.09596670
   15.27611044   -28.07503490
   15.28611445   -18.24097131
   15.29611845   -67.51081393
   15.30612245   -58.08825685
   15.31612645    17.89807743
   15.32613045     1.60001844
   15.33613445   -51.92016294
   15.34613846    -7.84541956
   15.35614246   -17.23506516
   15.36614646    12.72583453
   15.37615046     4.85427617
   15.38615446  -102.41724858
   15.39615846   -38.39975209
   15.40616246    12.00470896
   15.41616647    19.80053771
   15.42617047   -47.86240116
   15.43617447   -66.32479013
   15.44617847   -21.56608085
   15.45618247   -48.54623776
   15.46618647   -29.70786229
   15.47619048   -64.34410059
   15.48619448    -6.15341176
   15.49619848   -11.98113238
   15.50620248   -15.30135049
   15.51620648   -62.08138959
   15.52621048   -79.76566595
   15.53621449   -67.42590753
   15.54621849   -14.08856653
   15.55622249   -83.01423387
   15.56622649    -9.17827083
   15.57623049    24.35610020
   15.58623449   -47.74874516
   15.59623850   -34.43077150
   15.60624250     0.76977912
   15.61624650    -1.27796647
   15.62625050   -47.26457130
   15.63625450   -33.91817598
   15.64625850   -24.94713862
   15.65626251   -36.53073325
   15.66626651   -11.13007768
   15.67627051   -18.52829699
   15.68627451    10.85210898
   15.69627851   -79.60363733
   15.70628251   -22.72273785
   15.71628651   -33.69666264
   15.72629052   -62.16611268
   15.73629452   -45.60594491
   15.74629852   -28.74999491
   15.75630252   -48.98245376
   15.76630652   -65.40929750
   15.77631052   -49.45096428
   15.78631453   -78.77402647
   15.79631853   -97.17441853
   15.80632253   -84.04203518
   15.81632653   -80.86960307
   15.82633053   -51.96125941
   15.83633453   -33.77754545
   15.84633854   -50.19761769
   15.85634254   -13.77479135
   15.86634654   -60.07383438
   15.87635054   -76.65681743
   15.88635454   -79.08539903
   15.89635854   -84.25006531
   15.90636255   -66.28842402
   15.91636655   -15.81261631
   15.92637055  -101.15582872
   15.93637455   -40.33524441
   15.94637855   -57.18434943
   15.95638255   -31.51596494
   15.96638655   -70.60332317
   15.97639056   -34.59905172
   15.98639456   -71.17704860
   15.99639856   -37.17828336
   16.00640256  -114.70049434
   16.01640656   -41.10023428
   16.02641056   -33.43542429
   16.03641457  -103.45004340
   16.04641857   -30.05719114
   16.05642257   -89.47517118
   16.06642657   -25.62278648
   16.07643057   -55.27378920
   16.08643457   -34.41545202
   16.09643858   -43.71075499
   16.10644258   -90.71919900
   16.11644658    -8.20157341
   16.12645058   -18.02052913
   16.13645458   -85.04547053
   16.14645858   -37.31210663
   16.15646259   -40.30537516
   16.16646659   -74.39928232
   16.17647059   -85.15582736
   16.18647459   -15.34902097
   16.19647859   -65.63991471
   16.20648259   -26.39183308
   16.21648659     3.62093633
   16.22649060   -38.80162758
   16.23649460   -79.85876204
   16.24649860   -23.64673326
   16.25650260   -94.30450565
   16.26650660   -80.23658748
   16.27651060    34.96436388
   16.28651461   -76.69433159
   16.29651861   -42.23584905
   16.30652261   -84.42420996
   16.31652661   -56.23872937
   16.32653061   -46.48046580
   16.33653461  -131.91750726
   16.34653862   -72.07027288
   16.35654262   -32.45109090
   16.36654662   -26.22946195
   16.37655062   -42.07968533
   16.38655462   -80.56624140
   16.39655862   -40.24220001
   16.40656263   -66.81078988
   16.41656663   -75.15952413
   16.42657063   -51.95681447
   16.43657463    16.46544371
   16.44657863   -78.88365742
   16.45658263   -20.52720784
   16.46658663   -44.05609256
   16.47659064   -96.15894942
   16.48659464   -78.91577463
   16.49659864   -56.58567957
   16.50660264   -65.59929945
   16.51660664   -43.48972964
   16.52661064   -81.03044945
   16.53661465   -81.64896066
   16.54661865   -20.96846844
   16.55662265   -52.00977067
   16.56662665   -76.50323369
   16.57663065   -50.90147185
   16.58663465     4.25856890
   16.59663866   -68.20198894
   16.60664266   -95.34987699
   16.61664666   -22.51727914
   16.62665066     8.41230075
   16.63665466   -12.67489764
   16.64665866   -89.88130187
   16.65666267  -112.24318214
   16.66666667   -12.49808187
   16.67667067   -55.73171458
   16.68667467   -35.15809988
   16.69667867   -55.86780180
   16.70668267     0.17255618
   16.71668667   -48.01068685
   16.72669068   -59.64558797
   16.73669468   -45.87582418
   16.74669868   -86.07869231
   16.75670268   -45.11522562
   16.76670668   -52.68675776
   16.77671068  -113.47779997
   16.78671469   -84.23924874
   16.79671869   -87.61017217
   16.80672269   -97.03866721
   16.81672669   -39.16505757
   16.82673069   -15.99405727
   16.83673469   -40.12416627
   16.84673870   -94.26881447
   16.85674270  -103.19408281
   16.86674670   -26.23598941
   16.87675070   -58.91843774
   16.88675470   -52.61912364
   16.89675870   -88.49579206
   16.90676271  -110.40090935
   16.91676671    16.99691166
   16.92677071   -67.63895937
   16.93677471   -55.16387847
   16.94677871   -83.67237807
   16.95678271    -3.37722316
   16.96678671   -59.85275966
   16.97679072   -53.99158308
   16.98679472   -47.77587293
   16.99679872   -49.44671999
   17.00680272    -6.46936526
   17.01680672  -103.54841560
   17.02681072   -30.01362768
   17.03681473   -67.42741938
   17.04681873   -60.98172876
   17.05682273   -67.18427837
   17.06682673   -35.80206200
   17.07683073   -87.00014583
   17.08683473   -64.61255691
   17.09683874   150.00000000
   17.10684274   -65.42647765
   17.11684674   -62.48259869
   17.12685074   -36.78480808
   17.13685474   -45.32065195
   17.14685874   -57.92745459
   17.15686275   -46.16418217
   17.16686675   -74.24735683
   17.17687075   -21.90091778
   17.18687475   -80.27173415
   17.19687875   -95.55833835
   17.20688275   -34.57314911
   17.21688675   -86.71409486
   17.22689076   -75.86824575
   17.23689476   -53.59950648
   17.24689876   -25.83454410
   17.25690276   -61.31409788
   17.26690676   -60.17828284
   17.27691076   -59.63841635
   17.28691477   -35.46348339
   17.29691877   -61.97327126
   17.30692277   -39.42015474
   17.31692677    -5.79599929
   17.32693077   -53.18493509
   17.33693477   -57.51254693
   17.34693878   -74.20706294
   17.35694278   -68.92781922
   17.36694678   -83.30300095
   17.37695078   -78.95579919
   17.38695478   -63.31700960
   17.39695878   -35.74108368
   17.40696279   -31.17287823
   17.41696679   -58.51761102
   17.42697079   -35.87856354
   17.43697479   -84.30084440
   17.44697879    16.71469350
   17.45698279    28.97649758
   17.46698679   -48.54298182
   17.47699080   -29.72909480
   17.48699480   -41.76248409
   17.49699880   -21.26516139
   17.50700280   -63.36356265
   17.51700680   -89.82397246
   17.52701080   -19.98052748
   17.53701481   -76.71773997
   17.54701881   -33.37390850
   17.55702281   -71.38266886
   17.56702681   -66.71340922
   17.57703081   -14.02454185
   17.58703481     4.95229722
   17.59703882   -47.82724497
   17.60704282   -55.69759469
   17.61704682   -33.96190164
   17.62705082   -59.14068608
   17.63705482   -94.50040689
   17.64705882   -43.12139799
   17.65706283  -109.39915402
   17.66706683   -29.37710382
   17.67707083   -57.19468142
   17.68707483   -36.26941394
   17.69707883   -85.89367294
   17.70708283   -64.15317864
   17.71708683   -24.55699761
   17.72709084    -0.57686425
   17.73709484   -16.16909341
   17.74709884   -29.61088360
   17.75710284   -74.33355459
   17.76710684   -23.76594029
   17.77711084   -36.75586699
   17.78711485   -50.06815744
   17.79711885    -1.43542710
   17.80712285   -63.32830577
   17.81712685    12.53940503
   17.82713085   -59.38490930
   17.83713485   -60.11789706
   17.84713886   -42.66017968
   17.85714286   -79.11100289
   17.86714686   -53.48674618
   17.87715086   -36.92409895
   17.88715486   -89.97592422
   17.89715886   -63.87130593
   17.90716287   -80.53840700
   17.91716687   -51.89069930
   17.92717087    -4.43993481
   17.93717487   -51.46212285
   17.94717887   -43.93499401
   17.95718287   -31.41264844
   17.96718687   -71.28729115
   17.97719088   -31.05560287
   17.98719488   -53.28027218
   17.99719888   -56.93730358
   18.00720288   -88.69808007
   18.01720688   -56.20535806
   18.02721088    -6.10974682
   18.03721489    -0.75377335
   18.04721889   -45.65276738
   18.05722289   -34.53532150
   18.06722689   -49.11535186
   18.07723089   -69.27029402
   18.08723489   -90.06803480
   18.09723890    15.15286062
   18.10724290   -65.32038870
   18.11724690   -29.22145216
   18.12725090    11.15987085
   18.13725490   -46.56817158
   18.14725890   -39.79266488
   18.15726291   -26.64241475
   18.16726691   -45.04818848
   18.17727091   -26.60131347
   18.18727491   -43.96629220
   18.19727891     0.30087463
   18.20728291   -18.74820367
   18.21728691   -68.61491109
   18.22729092   -72.77934729
   18.23729492   -51.92432995
   18.24729892   -50.72649481
   18.25730292   -54.35477008
   18.26730692    -4.20187106
   18.27731092   -53.36407943
   18.28731493   -45.21485706
   18.29731893   -27.07583572
   18.30732293   -90.66150310
   18.31732693   -18.00086692
   18.32733093   -13.33608865
   18.33733493    11.40493579
   18.34733894   -59.70108237
   18.35734294   -43.99000852
   18.36734694   -23.55465053
   18.37735094   -40.91771849
   18.38735494   -73.07262734
   18.39735894    -2.12313808
   18.40736295   -37.54523735
   18.41736695   -18.40539052
   18.42737095   -60.80875227
   18.43737495     0.21834634
   18.44737895   -38.71833253
   18.45738295   -49.60383439
   18.46738695    -4.27539265
   18.47739096     5.41232491
   18.48739496   -55.49889072
   18.49739896     2.45696820
   18.50740296    21.35267837
   18.51740696   -19.12538715
   18.52741096   -69.01788146
   18.53741497    -9.56369346
   18.54741897     5.51206515
   18.55742297   -56.76475302
   18.56742697    24.04848888
   18.57743097   -31.70385139
   18.58743497   -29.21881469
   18.59743898     7.37924132
   18.60744298   -19.00368086
   18.61744698    12.33796377
   18.62745098   -25.24415635
   18.63745498   -13.06112710
   18.64745898   -23.84344813
   18.65746299   -17.20442200
   18.66746699    -6.70298900
   18.67747099    -9.51970180
   18.68747499   -32.89093076
   18.69747899     4.42548834
   18.70748299   -26.09011492
   18.71748699    12.73017392
   18.72749100    -4.62510076
   18.73749500   -25.61500380
   18.74749900   -44.71471386
   18.75750300   -21.34511172
   18.76750700    19.15667094
   18.77751100   -16.50992171
   18.78751501     7.09130743
   18.79751901   -24.44256046
   18.80752301   -31.11683362
   18.81752701   -42.41436372
   18.82753101   -79.58421263
   18.83753501   -11.84080613
   18.84753902   -19.96392057
   18.85754302   -22.43069506
   18.86754702     2.63169784
   18.87755102   -50.11982029
   18.88755502    30.42434241
   18.89755902   -64.14984175
   18.90756303   -12.59838530
   18.91756703   -55.64411295
   18.92757103   -27.97460629
   18.93757503    15.04182539
   18.94757903   -64.19675852
   18.95758303   -13.95346759
   18.96758703   -15.90752793
   18.97759104   -13.64492664
   18.98759504   -11.21387417
   18.99759904     5.37340947
   19.00760304    -3.69176579
   19.01760704    -7.04039822
   19.02761104     8.59643186
   19.03761505     1.88651136
   19.04761905   -21.66644862
   19.05762305   -54.47278183
   19.06762705     6.34010060
   19.07763105   -27.64071627
   19.08763505    32.17042492
   19.09763906   -33.76901811
   19.10764306   -52.95575271
   19.11764706    17.32345776
   19.12765106   -38.80383163
   19.13765506   -61.18437985
   19.14765906    19.17379774
   19.15766307   -59.55954458
   19.16766707    23.67214586
   19.17767107   -44.24292598
   19.18767507    -3.23819370
   19.19767907    -8.60581322
   19.20768307   -69.55039725
   19.21768707   -15.41148994
   19.22769108   -27.37869085
   19.23769508   -10.82491938
   19.24769908     1.51221969
   19.25770308    33.07381463
   19.26770708   -21.19647028
   19.27771108   -16.88017968
   19.28771509    50.87934862
   19.29771909     8.20962557
   19.30772309     9.49104650
   19.31772709   -59.04271774
   19.32773109   -54.88703959
   19.33773509   -29.38408191
   19.34773910   -18.25008809
   19.35774310     2.23493918
   19.36774710    69.78742797
   19.37775110   -49.64066334
   19.38775510   -24.20783067
   19.39775910     7.12177272
   19.40776311    -3.42229350
   19.41776711    22.28273192
   19.42777111   -19.84028151
   19.43777511   -37.94174246
   19.44777911    51.85099455
   19.45778311     2.53508711
   19.46778711   -46.38655150
   19.47779112   -20.69373831
   19.48779512   -12.04088311
   19.49779912   -54.79255317
   19.50780312    13.30205189
   19.51780712    -5.24904897
   19.52781112   -20.62172795
   19.53781513   -29.09416238
   19.54781913    40.00989661
   19.55782313   -11.61470798
   19.56782713   -32.36863410
   19.57783113   -70.38052657
   19.58783513   -40.76172892
   19.59783914    12.09257358
   19.60784314    36.19427941
   19.61784714   -43.29950443
   19.62785114   -69.59620145
   19.63785514    -7.07614221
   19.64785914    -9.32575361
   19.65786315    18.12222916
   19.66786715   -28.88745599
   19.67787115    -4.15614244
   19.68787515   -62.93789751
   19.69787915   -44.12771570
   19.70788315   -23.25956508
   19.71788715   -20.02334241
   19.72789116     9.45455076
   19.73789516    30.37937310
   19.74789916   -48.75087236
   19.75790316    44.61210513
   19.76790716   -28.17238621
   19.77791116   -18.14663830
   19.78791517    28.52405116
   19.79791917   -77.10602642
   19.80792317   -48.44056774
   19.81792717   -29.51387290
   19.82793117    -2.01832696
   19.83793517    28.23868423
   19.84793918    28.92031183
   19.85794318   -31.20669979
   19.86794718    18.92232029
   19.87795118   -15.95457366
   19.88795518    41.51658473
   19.89795918   -11.25250309
   19.90796319    29.08651002
   19.91796719   -33.35845848
   19.92797119    20.99903442
   19.93797519   -43.10932038
   19.94797919     1.37684808
   19.95798319   -50.26009430
   19.96798719    -5.77109202
   19.97799120   -24.90014125
   19.98799520   -30.32363884
   19.99799920     6.40719520
   20.00800320    63.02360150
   20.01800720    43.12012690
   20.02801120    49.13610157
   20.03801521    61.74882855
   20.04801921    76.88176775
   20.05802321    71.08762214
   20.06802721    52.82967768
   20.07803121   100.85270188
   20.08803521    25.84107774
   20.09803922    65.30899885
   20.10804322     7.14600895
   20.11804722   113.46424421
   20.12805122    34.40480071
   20.13805522    46.74863341
   20.14805922    83.66707410
   20.15806323    36.61948325
   20.16806723    17.23667482
   20.17807123   -12.91182139
   20.18807523    34.72283071
   20.19807923   104.42690580
   20.20808323    48.25907730
   20.21808723    95.40088330
   20.22809124    68.41694256
   20.23809524    30.22876235
   20.24809924     1.39090474
   20.25810324    38.21734662
   20.26810724    62.75703161
   20.27811124    37.74276929
   20.28811525    49.64795529
   20.29811925    61.99384667
   20.30812325    33.84466073
   20.31812725     1.27460384
   20.32813125    35.10338055
   20.33813525    62.23279928
   20.34813926    20.46101678
   20.35814326    13.56825137
   20.36814726    15.33385149
   20.37815126    38.51617957
   20.38815526    41.95417285
   20.39815926    44.13253939
   20.40816327   -32.18262239
   20.41816727     6.99038647
   20.42817127   -12.66724497
   20.43817527   -21.99944489
   20.44817927   -49.05024191
   20.45818327   -26.76306074
   20.46818727   -11.65907739
   20.47819128    11.21432698
   20.48819528    19.36058212
   20.49819928     8.21029500
   20.50820328    14.36288198
   20.51820728   -26.32442424
   20.52821128    31.80214652
   20.53821529    32.52026354
   20.54821929    28.75233491
   20.55822329    -6.45359085
   20.56822729     6.11424429
   20.57823129    -5.17474759
   20.58823529   -30.53313882
   20.59823930    -0.94316444
   20.60824330   -36.99367384
   20.61824730   -43.43101376
   20.62825130    26.64620295
   20.63825530    26.60917992
   20.64825930    35.42637162
   20.65826331    -2.65051063
   20.66826731    11.55918084
   20.67827131    26.95553769
   20.68827531    -0.00011719
   20.69827931   -49.72916412
   20.70828331    78.91204192
   20.71828731    49.12480276
   20.72829132    49.80879845
   20.73829532    15.13818449
   20.74829932   -11.27147682
   20.75830332    15.45544915
   20.76830732    21.92827953
   20.77831132   -27.57445812
   20.78831533    -0.43087502
   20.79831933    30.87360931
   20.80832333    59.56606542
   20.81832733    32.86117713
   20.82833133     2.75758518
   20.83833533   -23.41613182
   20.84833934    76.28576630
   20.85834334    19.31739751
   20.86834734    38.86552487
   20.87835134    17.06087133
   20.88835534   -23.88950857
   20.89835934    81.64570865
   20.90836335    36.78066487
   20.91836735    53.58711305
   20.92837135    -6.52962543
   20.93837535    16.37809708
   20.94837935    58.43051842
   20.95838335     7.02411053
   20.96838735    -3.80472621
   20.97839136   -15.82866646
   20.98839536   -22.57478375
   20.99839936    43.20102975
   21.00840336    16.72508815
   21.01840736   -35.38425152
   21.02841136    64.60607688
   21.03841537    57.40911354
   21.04841937    53.91571522
   21.05842337   -36.08357590
   21.06842737    22.74638521
   21.07843137    58.73698870
   21.08843537   -11.14677298
   21.09843938    -3.91846683
   21.10844338    13.11479676
   21.11844738   -40.16861196
   21.12845138    27.16641286
   21.13845538    50.61435546
   21.14845938    40.99248051
   21.15846339    66.11148180
   21.16846739    24.23410117
   21.17847139    20.67803078
   21.18847539    16.09840976
   21.19847939     0.89788555
   21.20848339   -10.15657763
   21.21848739    -0.04316097
   21.22849140    19.89254950
   21.23849540     6.38523113
   21.24849940    25.96272256
   21.25850340    25.30371551
   21.26850740    42.31366528
   21.27851140     7.79582872
   21.28851541   -38.73067396
   21.29851941    -5.28196952
   21.30852341    81.24704457
   21.31852741    46.57891887
   21.32853141    11.91194045
   21.33853541    18.19444330
   21.34853942    21.93676961
   21.35854342    10.59074348
   21.36854742    30.78211348
   21.37855142    45.69951022
   21.38855542    61.88715449
   21.39855942    14.55197856
   21.40856343    16.88056742
   21.41856743    15.83047433
   21.42857143    26.84444481
   21.43857543    58.05582525
   21.44857943     3.63245661
   21.45858343    92.75070109
   21.46858743    43.35443095
   21.47859144    60.21237811
   21.48859544    -0.04940225
   21.49859944    15.95302469
   21.50860344    11.64518772
   21.51860744    28.96447113
   21.52861144   -33.40687326
   21.53861545    42.88076382
   21.54861945   -22.40550489
   21.55862345    39.68023586
   21.56862745    59.21657630
   21.57863145    27.10220733
   21.58863545    23.94769729
   21.59863946    24.25136976
   21.60864346    22.91836626
   21.61864746    37.70567551
   21.62865146    57.37782805
   21.63865546    49.81894415
   21.64865946    75.77545671
   21.65866347    33.81646378
   21.66866747    15.97284943
   21.67867147    17.59589701
   21.68867547    -5.24436177
   21.69867947    20.56531986
   21.70868347    14.73379126
   21.71868747    86.31528047
   21.72869148    48.73674966
   21.73869548    87.17746770
   21.74869948   -23.71749540
   21.75870348    42.76356938
   21.76870748    64.81311689
   21.77871148    43.91388978
   21.78871549    20.58924216
   21.79871949    39.72482461
   21.80872349    37.87556805
   21.81872749    38.99339921
   21.82873149    43.19242422
   21.83873549    63.82456753
   21.84873950    42.43664001
   21.85874350    44.53700765
   21.86874750    36.67063166
   21.87875150    50.04941595
   21.88875550    15.38549212
   21.89875950    54.17561803
   21.90876351    27.51758336
   21.91876751    62.91081082
   21.92877151    20.01814876
   21.93877551    36.17834772
   21.94877951    32.77962324
   21.95878351     7.87374622
   21.96878752    69.70844639
   21.97879152    49.72411990
   21.98879552    39.85850097
   21.99879952    75.69550515
   22.00880352    29.25763513
   22.01880752    38.61444587
   22.02881152    72.40716538
   22.03881553   112.53260613
   22.04881953    42.26405974
   22.05882353    88.25899619
   22.06882753    45.27272445
   22.07883153    16.37054725
   22.08883553    55.43503976
   22.09883954    77.45667330
   22.10884354    46.53113868
   22.11884754    54.74029737
   22.12885154     8.58170759
   22.13885554   -26.86615055
   22.14885954    48.03817968
   22.15886355    -2.17965259
   22.16886755    38.10973293
   22.17887155    20.39459272
   22.18887555    44.15770537
   22.19887955    65.20032700
   22.20888355   -10.92603719
   22.21888756    34.48834128
   22.22889156    34.45369637
   22.23889556    79.02485605
   22.24889956    40.87048234
   22.25890356    14.54081137
   22.26890756    21.74865521
   22.27891156    92.93494173
   22.28891557    12.87079357
   22.29891957    40.90443427
   22.30892357    47.54047839
   22.31892757     5.49663705
   22.32893157    15.45938298
   22.33893557   -18.95440754
   22.34893958    13.04664187
   22.35894358    59.91467625
   22.36894758    46.85859151
   22.37895158   -15.87567516
   22.38895558    83.61584542
   22.39895958     1.30874217
   22.40896359    12.65920945
   22.41896759    89.15008596
   22.42897159    55.30190109
   22.43897559    39.32729699
   22.44897959    86.34048668
   22.45898359    39.65164699
   22.46898760    52.38867725
   22.47899160    25.19796722
   22.48899560    38.67312702
   22.49899960    40.30283738
   22.50900360    75.43408895
   22.51900760    23.94653991
   22.52901160    36.83698368
   22.53901561   -21.96338270
   22.54901961    -8.15514276
   22.55902361    63.83993578
   22.56902761    31.50490131
   22.57903161    32.86285997
   22.58903561    61.43525151
   22.59903962    33.52179915
   22.60904362    46.40489676
   22.61904762    35.21769303
   22.62905162   -16.48539305
   22.63905562    62.02688986
   22.64905962    88.13634608
   22.65906363    79.08238390
   22.66906763    45.79115772
   22.67907163    51.87316122
   22.68907563    55.60836317
   22.69907963    89.16056930
   22.70908363    79.87168436
   22.71908764    34.02430431
   22.72909164    40.35996218
   22.73909564    38.36582258
   22.74909964    27.18616991
   22.75910364    26.02833881
   22.76910764    40.49481927
   22.77911164   -27.47443458
   22.78911565    55.40721708
   22.79911965    30.68459442
   22.80912365     8.09266092
   22.81912765    38.67784930
   22.82913165    21.93493734
   22.83913565    80.24260117
   22.84913966    11.54368944
   22.85914366    46.55200633
   22.86914766    54.86138477
   22.87915166    19.86317992
   22.88915566     8.14171348
   22.89915966    56.16191141
   22.90916367    33.13096192
   22.91916767    17.23366939
   22.92917167     2.44926195
   22.93917567    63.56935868
   22.94917967    90.15837964
   22.95918367    30.07936669
   22.96918768    61.52840519
   22.97919168    78.45305395
   22.98919568    75.88909882
   22.99919968    29.16527430
   23.00920368    12.38200773
   23.01920768    17.14293347
   23.02921168    72.27430996
   23.03921569     3.80665589
   23.04921969    28.71670014
   23.05922369    22.27896717
   23.06922769    17.58271886
   23.07923169   -30.47804795
   23.08923569     7.52606982
   23.09923970    43.42247881
   23.10924370   -11.39285376
   23.11924770     6.72599025
   23.12925170   -23.03930328
   23.13925570     8.10028044
   23.14925970    10.55622037
   23.15926371    20.89024362
   23.16926771   -10.92244728
   23.17927171   -11.71233331
   23.18927571   -15.65510287
   23.19927971     8.92048698
   23.20928371     6.29095440
   23.21928772    66.94022186
   23.22929172   -17.10360528
   23.23929572    21.51866933
   23.24929972   -14.39422961
   23.25930372   -12.08517986
   23.26930772    33.16028055
   23.27931172    14.11397393
   23.28931573    17.41020656
   23.29931973   -37.00877024
   23.30932373    77.65124501
   23.31932773    62.82106420
   23.32933173   -18.39572092
   23.33933573   -36.51844369
   23.34933974   -18.36823047
   23.35934374     9.59388770
   23.36934774   -24.35566924
   23.37935174    10.88300414
   23.38935574   -16.18623375
   23.39935974    83.21050040
   23.40936375    -3.63457427
   23.41936775   -10.09910555
   23.42937175    61.60602309
   23.43937575    12.97489916
   23.44937975     3.66940418
   23.45938375     2.35887298
   23.46938776    20.01263419
   23.47939176    -8.83097293
   23.48939576     7.07737076
   23.49939976   -12.06801168
   23.50940376   -35.24406885
   23.51940776    -5.36980186
   23.52941176     8.95211627
   23.53941577    50.45582505
   23.54941977    10.75940499
   23.55942377    -5.69555433
   23.56942777     8.02942162
   23.57943177    21.71554180
   23.58943577   -60.88666717
   23.59943978    -7.56694596
   23.60944378    -7.98769152
   23.61944778     3.97250388
   23.62945178    33.42379156
   23.63945578    51.09484225
   23.64945978    56.31363557
   23.65946379    58.77578199
   23.66946779    93.34613934
   23.67947179    68.35637139
   23.68947579    66.65354467
   23.69947979    46.31220769
   23.70948379   112.01102948
   23.71948780    93.42977101
   23.72949180    38.96262104
   23.73949580    39.18034013
   23.74949980    78.63943110
   23.75950380    85.21484643
   23.76950780    47.05223714
   23.77951180    89.07942152
   23.78951581    22.03258026
   23.79951981    52.04258455
   23.80952381    86.24844552
   23.81952781    40.19474249
   23.82953181    61.22251866
   23.83953581    56.62525683
   23.84953982    49.57897612
   23.85954382     2.80094791
   23.86954782    47.87237231
   23.87955182    62.55111939
   23.88955582    63.36407174
   23.89955982    79.76906162
   23.90956383    84.96237763
   23.91956783    47.61265583
   23.92957183    51.61298770
   23.93957583   107.06833095
   23.94957983    83.99633245
   23.95958383    59.04324742
   23.96958784    52.27442062
   23.97959184    89.53410867
   23.98959584    89.77302396
   23.99959984    56.30772926
   24.00960384    72.22021333
   24.01960784    60.12798720
   24.02961184    58.02494997
   24.03961585   113.52081460
   24.04961985    22.01934502
   24.05962385    81.43483277
   24.06962785    28.63232801
   24.07963185    39.08447699
   24.08963585    84.10213551
   24.09963986    21.14681433
   24.10964386    31.97765522
   24.11964786    26.23607635
   24.12965186    42.06793183
   24.13965586    68.34954516
   24.14965986    93.55244248
   24.15966387    40.47302566
   24.16966787    86.23765116
   24.17967187    23.98619889
   24.18967587   121.71571338
   24.19967987    46.15468174
   24.20968387    45.02521992
   24.21968788    66.76046522
   24.22969188    61.56235240
   24.23969588    53.84540203
   24.24969988     9.16751214
   24.25970388    83.41482478
   24.26970788    79.35276084
   24.27971188    46.84661636
   24.28971589    24.21125596
   24.29971989    66.03560777
   24.30972389    91.03394514
   24.31972789     7.35375650
   24.32973189    25.49753750
   24.33973589    60.87973789
   24.34973990    34.47573111
   24.35974390    48.14046553
   24.36974790    55.27214809
   24.37975190    81.08566588
   24.38975590    81.18838933
   24.39975990    87.21094832
   24.40976391    84.95251838
   24.41976791    40.05124535
   24.42977191   -11.83257204
   24.43977591    67.71109222
   24.44977991    71.69446981
   24.45978391    71.65275111
   24.46978792    38.88182431
   24.47979192   114.79955590
   24.48979592     9.63647756
   24.49979992    82.43267246
   24.50980392    77.10770557
   24.51980792    85.83049391
   24.52981192    99.80039313
   24.53981593    73.39755426
   24.54981993    68.78990196
   24.55982393    50.57043980
   24.56982793    81.53657811
   24.57983193    70.48360737
   24.58983593    82.56168012
   24.59983994    25.66666630
   24.60984394    14.43535075
   24.61984794    60.95123705
   24.62985194    74.62561882
   24.63985594    14.33432430
   24.64985994    29.50706652
   24.65986395    49.09049028
   24.66986795    67.88722164
   24.67987195    68.77952820
   24.68987595    88.48054718
   24.69987995    54.67988484
   24.70988395    71.97796452
   24.71988796    97.13628189
   24.72989196    51.70034716
   24.73989596   126.05174790
   24.74989996    49.06964494
   24.75990396    63.52764153
   24.76990796     4.64214691
   24.77991196    57.43793062
   24.78991597    44.36732875
   24.79991997    41.26322206
   24.80992397    68.54668973
   24.81992797    27.86235423
   24.82993197    66.59747171
   24.83993597     1.74726874
   24.84993998    45.53964931
   24.85994398    99.74507904
   24.86994798    63.88929441
   24.87995198    77.77370572
   24.88995598    33.55104265
   24.89995998    21.84566583
   24.90996399   100.61747882
   24.91996799    89.85105919
   24.92997199    85.21428760
   24.93997599    59.98984821
   24.94997999    94.36724205
   24.95998399    47.81316871
   24.96998800    80.27419508
   24.97999200    79.29117461
   24.98999600    34.01326777
   25.00000000   101.61654606
