   1.0062961944278104     
   1.0125042826388120     
   1.0186227552327662     
   1.0246500966461540     
   1.0305847852425494     
   1.0364252934045111     
   1.0421700876269997     
   1.0478176286123249     
   1.0533663713666281     
   1.0588147652979094     
   1.0641612543156003     
   1.0694042769316907     
   1.0745422663634150     
   1.0795736506375015     
   1.0844968526959915     
   1.0893102905036331     
   1.0940123771568551     
   1.0986015209943230     
   1.1030761257090878     
   1.1074345904623262     
   1.1116753099986800     
   1.1157966747631989     
   1.1197970710198901     
   1.1236748809718811     
   1.1274284828831953     
   1.1310562512021511     
   1.1345565566863813     
   1.1379277665294818     
   1.1411682444892910     
   1.1442763510178033     
   1.1472504433927209     
   1.1500888758506465     
   1.1527899997219202     
   1.1553521635671045     
   1.1577737133151174     
   1.1600529924030205     
   1.1621883419174610     
   1.1641781007377718     
   1.1660206056807314     
   1.1677141916469864     
   1.1692571917691383     
   1.1706479375614953     
   1.1718847590714927     
   1.1729659850327820     
   1.1738899430199914     
   1.1746549596051565     
   1.1752593605158264     
   1.1757014707948406     
   1.1759796149617836     
   1.1760921171761127     
   1.1760373014019616     
   1.1758134915746210     
   1.1754190117686947     
   1.1748521863679307     
   1.1741113402367300     
   1.1731947988933293     
   1.1721008886846593     
   1.1708279369628760     
   1.1693742722635667     
   1.1677382244856267     
   1.1659181250728077     
   1.1639123071969351     
   1.1617191059427925     
   1.1593368584946735     
   1.1567639043245961     
   1.1539985853821788     
   1.1510392462861769     
   1.1478842345176745     
   1.1445319006149313     
   1.1409805983698798     
   1.1372286850262705     
   1.1332745214794619     
   1.1291164724778509     
   1.1247529068259403     
   1.1201821975890407     
   1.1154027222996001     
   1.1104128631651586     
   1.1052110072779235     
   1.0997955468259597     
   1.0941648793059902     
   1.0883174077378019     
   1.0822515408802518     
   1.0759656934488655     
   1.0694582863350259     
   1.0627277468267433     
   1.0557725088310013     
   1.0485910130976721     
   1.0411817074449952     
   1.0335430469866100     
   1.0256734943601398     
   1.0175715199573139     
   1.0092356021556255     
   1.0006642275515134     
  0.99185589119506323     
  0.98280909682621564     
  0.97352235711247681     
  0.96399419388812002     
  0.95422313839486983     
  0.94420773152406046     
  0.93394652406025702     
  0.92343807692633195     
  0.91268096142998512     
  0.90167375951169737     
  0.89041506399410852     
  0.87890347883280717     
  0.86713761936852196     
  0.85511611258070408     
  0.84283759734248787     
  0.83030072467701854     
  0.81750415801513543     
  0.80444657345439741     
  0.79112666001943899     
  0.77754311992364367     
  0.76369466883212178     
  0.74958003612597934     
  0.73519796516786406     
  0.72054721356877560     
  0.70562655345612479     
  0.69043477174302859     
  0.67497067039882463     
  0.65923306672079218     
  0.64322079360706297     
  0.62693269983070721     
  0.61036765031497842     
  0.59352452640970199     
  0.57640222616878978     
  0.55899966462886597     
  0.54131577408898546     
  0.52334950439142924     
  0.50509982320355840     
  0.48656571630070961     
  0.46774618785011346     
  0.44864026069581825     
  0.42924697664460015     
  0.40956539675284082     
  0.38959460161435400     
  0.36933369164914093     
  0.34878178739305532     
  0.32793802978835818     
  0.30680158047514128     
  0.28537162208359995     
  0.26364735852713334     
  0.24162801529625155     
  0.21931283975326815     
  0.19670110142775610     
  0.17379209231274526     
  0.15058512716163922     
  0.12707954378582872     
  0.10327470335297878     
   7.9169990685966321E-002
   5.4764814562444822E-002
   3.0058608015012155E-002
   5.0508286319575421E-003
  -2.0259041141436823E-002
  -4.5871493701064178E-002
  -7.1786995981656568E-002
  -9.8005989153968603E-002
 -0.12452888832150719     
 -0.15135608221683303     
 -0.17848793289746032     
 -0.20592477544138094     
 -0.23366691764224015     
 -0.26171463970419084     
 -0.29006819393645378     
 -0.31872780444761156     
 -0.34769366683966435     
 -0.37696594790187593     
 -0.40654478530443838     
 -0.43643028729198441     
 -0.46662253237697715     
 -0.49712156903300614     
 -0.52792741538802002     
 -0.55904005891752595     
 -0.59045945613778617     
 -0.62218553229904250     
 -0.65421818107880003     
 -0.68655726427520147     
 -0.71920261150052345     
 -0.75215401987482733     
 -0.78541125371979681     
 -0.81897404425279441     
 -0.85284208928117045     
 -0.88701505289685745     
 -0.92149256517128364     
 -0.95627422185063926     
 -0.99135958405153002     
  -1.0267481779570524     
  -1.0624394945133244     
  -1.0984329891265094     
  -1.1347280813603646     
  -1.1713241546343540     
  -1.2082205559223589     
  -1.2454165954520233     
  -1.2829115464047707     
  -1.3207046446165294     
  -1.3587950882792030     
  -1.3971820376429245     
  -1.4358646147191301     
  -1.4748419029844926     
  -1.5141129470857526     
  -1.5536767525454840     
  -1.5935322854688363     
  -1.6336784722512898     
  -1.6741141992874646     
  -1.7148383126810243     
  -1.7558496179557119     
  -1.7971468797675612     
  -1.8387288216183226     
  -1.8805941255701446     
  -1.9227414319615526     
  -1.9651693391247669     
  -2.0078764031044014     
  -2.0508611373775838     
  -2.0941220125755429     
  -2.1376574562067030     
  -2.1814658523813288     
  -2.2255455415377652     
  -2.2698948201703142     
  -2.3145119405587939     
  -2.3593951104998232     
  -2.4045424930398758     
  -2.4499522062101486     
  -2.4956223227632917     
  -2.5415508699120388     
  -2.5877358290697932     
  -2.6341751355932042     
  -2.6808666785267885     
  -2.7278083003496381     
  -2.7749977967242625     
  -2.8224329162476125     
  -2.8701113602043304     
  -2.9180307823222771     
  -2.9661887885303804     
  -3.0145829367188535     
  -3.0632107365018331     
  -3.1120696489824815     
  -3.1611570865206051     
  -3.2104704125028349     
  -3.2600069411154204     
  -3.3097639371196839     
  -3.3597386156301852     
  -3.4099281418956466     
  -3.4603296310826890     
  -3.5109401480624243     
  -3.5617567071999616     
  -3.6127762721468728     
  -3.6639957556366669     
  -3.7154120192833293     
  -3.7670218733829710     
  -3.8188220767186447     
  -3.8708093363683744     
  -3.9229803075164527     
  -3.9753315932680562     
  -4.0278597444672330     
  -4.0805612595183138     
  -4.1334325842107962     
  -4.1864701115477558     
  -4.2396701815778446     
  -4.2930290812309142     
  -4.3465430441573325     
  -4.4002082505710360     
  -4.4540208270963761     
  -4.5079768466188126     
  -4.5620723281395072     
  -4.6163032366338719     
  -4.6706654829141225     
  -4.7251549234958992     
  -4.7797673604689965     
  -4.8344985413722723     
  -4.8893441590727740     
  -4.9442998516491503     
  -4.9993612022793945     
  -5.0545237391329794     
  -5.1097829352674324     
  -5.1651342085294152     
  -5.2205729214603549     
  -5.2760943812066845     
  -5.3316938394347524     
  -5.3873664922504476     
  -5.4431074801236017     
  -5.4989118878172283     
  -5.5547747443216426     
  -5.6106910227935263     
  -5.6666556404999957     
  -5.7226634587677170     
  -5.7787092829371405     
  -5.8347878623218934     
  -5.8908938901734018     
  -5.9470220036507886     
  -6.0031667837961056     
  -6.0593227555149580     
  -6.1154843875625753     
  -6.1716460925353847     
  -6.2278022268681443     
  -6.2839470908366941     
  -6.3400749285663736     
  -6.3961799280461724     
  -6.4522562211486605     
  -6.5082978836557617     
  -6.5642989352904229     
  -6.6202533397542336     
  -6.6761550047710552     
  -6.7319977821367143     
  -6.7877754677748161     
  -6.8434818017987347     
  -6.8991104685798339     
  -6.9546550968219769     
  -7.0101092596423804     
  -7.0654664746588649     
  -7.1207202040835629     
  -7.1758638548231328     
  -7.2308907785855441     
  -7.2857942719934794     
  -7.3405675767044123     
  -7.3952038795374166     
  -7.4496963126067639     
  -7.5040379534623565     
  -7.5582218252370597     
  -7.6122408968009836     
  -7.6660880829227667     
  -7.7197562444379173     
  -7.7732381884242701     
  -7.8265266683846084     
  -7.8796143844365023     
  -7.9324939835094241     
  -7.9851580595491898     
  -8.0375991537297757     
  -8.0898097546725740     
  -8.1417822986731299     
  -8.1935091699354157     
  -8.2449827008136953     
  -8.2961951720620331     
  -8.3471388130914903     
  -8.3978058022350748     
  -8.4481882670204769     
  -8.4982782844506612     
  -8.5480678812923525     
  -8.5975490343724648     
  -8.6467136708825389     
  -8.6955536686912236     
  -8.7440608566648450     
  -8.7922270149961417     
  -8.8400438755411752     
  -8.8875031221645013     
  -8.9345963910926187     
  -8.9813152712757702     
  -9.0276513047581233     
  -9.0735959870563896     
  -9.1191407675469218     
  -9.1642770498613420     
  -9.2089961922907388     
  -9.2532895081984918     
  -9.2971482664417504     
  -9.3405636918016253     
  -9.3835269654221367     
  -9.4260292252579561     
  -9.4680615665309862     
  -9.5096150421958292     
  -9.5506806634141821     
  -9.5912494000381887     
  -9.6313121811028193     
  -9.6708598953272809     
  -9.7098833916255334     
  -9.7483734796259345     
  -9.7863209302000467     
  -9.8237164760006639     
  -9.8605508120090839     
  -9.8968145960916605     
  -9.9324984495656885     
  -9.9675929577746452     
  -10.002088670672826     
  -10.035976103419417     
  -10.069245736982028     
  -10.101888018749740     
  -10.133893363155675     
  -10.165252152309140     
  -10.195954736637377     
  -10.225991435536940     
  -10.255352538034744     
  -10.284028303458800     
  -10.312008962118687     
  -10.339284715995772     
  -10.365845739443216     
  -10.391682179895790     
  -10.416784158589532     
  -10.441141771291276     
  -10.464745089038054     
  -10.487584158886435     
  -10.509649004671795     
  -10.530929627777553     
  -10.551416007914391     
  -10.571098103909492     
  -10.589965854505797     
  -10.608009179171329     
  -10.625217978918570     
  -10.641582137133941     
  -10.657091520417383     
  -10.671735979432068     
  -10.685505349764243     
  -10.698389452793245     
  -10.710378096571674     
  -10.721461076715752     
  -10.731628177305893     
  -10.740869171797470     
  -10.749173823941810     
  -10.756531888717413     
  -10.762933113271423     
  -10.768367237871338     
  -10.772823996866984     
  -10.776293119662743     
  -10.778764331700055     
  -10.780227355450196     
  -10.780671911417322     
  -10.780087719151799     
  -10.778464498273813     
  -10.775791969507253     
  -10.772059855723887     
  -10.767257882997802     
  -10.761375781670129     
  -10.754403287424035     
  -10.746330142369986     
  -10.737146096141268     
  -10.726840906999762     
  -10.715404342951963     
  -10.702826182875251     
  -10.689096217654361     
  -10.674204251328094     
  -10.658140102246215     
  -10.640893604236547     
  -10.622454607782238     
  -10.602812981209182     
  -10.581958611883584     
  -10.559881407419649     
  -10.536571296897367     
  -10.512018232090389     
  -10.486212188703949     
  -10.459143167622836     
  -10.430801196169373     
  -10.401176329371379     
  -10.370258651240093     
  -10.338038276058024     
  -10.304505349676710     
  -10.269650050824337     
  -10.233462592423207     
  -10.195933222916999     
  -10.157052227607805     
  -10.116809930002901     
  -10.075196693171209     
  -10.032202921109420     
  -9.9878190601177241     
  -9.9420356001851342     
  -9.8948430763843209     
  -9.8462320702759456     
  -9.7961932113224375     
  -9.7447171783111557     
  -9.6917947007869074     
  -9.6374165604937545     
  -9.5815735928260661     
  -9.5242566882887676     
  -9.4654567939667178     
  -9.4051649150031782     
  -9.3433721160872967     
  -9.2800695229505568     
  -9.2152483238721423     
  -9.1488997711931290     
  -9.0810151828394723     
  -9.0115859438536958     
  -8.9406035079352382     
  -8.8680593989893737     
  -8.7939452126846511     
  -8.7182526180187665     
  -8.6409733588928059     
  -8.5620992556937825     
  -8.4816222068853904     
  -8.3995341906069001     
  -8.3158272662801149     
  -8.2304935762243066     
  -8.1435253472790574     
  -8.0549148924349065     
  -7.9646546124717359     
  -7.8727369976047950     
  -7.7791546291382812     
  -7.6839001811263827     
  -7.5869664220416961     
  -7.4883462164509220     
  -7.3880325266977431     
  -7.2860184145927898     
  -7.1822970431105935     
  -7.0768616780934277     
  -6.9697056899619332     
  -6.8608225554324287     
  -6.7502058592407943     
  -6.6378492958728241     
  -6.5237466713009438     
  -6.4078919047271707     
  -6.2902790303322202     
  -6.1709021990306274     
  -6.0497556802317796     
  -5.9268338636067392     
  -5.8021312608607376     
  -5.6756425075112151     
  -5.5473623646712902     
  -5.4172857208385290     
  -5.2854075936888911     
  -5.1517231318757224     
  -5.0162276168336630     
  -4.8789164645873413     
  -4.7397852275647194     
  -4.5988295964149533     
  -4.4560454018306350     
  -4.3114286163742674     
  -4.1649753563088456     
  -4.0166818834323852     
  -3.8665446069162699     
  -3.7145600851472573     
  -3.5607250275730049     
  -3.4050362965509589     
  -3.2474909092004607     
  -3.0880860392579108     
  -2.9268190189348382     
  -2.7636873407787172     
  -2.5986886595363714     
  -2.4318207940198038     
  -2.2630817289742913     
  -2.0924696169485753     
  -1.9199827801669869     
  -1.7456197124033310     
  -1.5693790808563648     
  -1.3912597280266954     
  -1.2112606735949221     
  -1.0293811163008475     
 -0.84562043582358071     
 -0.65997819466234942     
 -0.47245414001784203     
 -0.28304820567389527     
  -9.1760513879340089E-002
  0.10140862277017931     
  0.29645869945060455     
  0.49338901722827044     
  0.69219868117931460     
  0.89288659850988372     
   1.0954514766773338     
   1.2998918215126229     
   1.5062059353440982     
   1.7143919151228766     
   1.9244476505500285     
   2.1363708222057669     
   2.3501588996808511     
   2.5658091397104159     
   2.7833185843104369     
   3.0026840589170476     
   3.2239021705289219     
   3.4469693058529405     
   3.6718816294533605     
   3.8986350819047098     
   4.1272253779486281     
   4.3576480046548802     
   4.5898982195867708     
   4.8239710489711820     
   5.0598612858734757     
   5.2975634883774791     
   5.5370719777708004     
   5.7783808367357015     
   6.0214839075457691     
   6.2663747902686273     
   6.5130468409749218     
   6.7614931699538321     
   7.0117066399353476     
   7.2636798643195579     
   7.5174052054132057     
   7.7728747726737506     
   8.0300804209611982     
   8.2890137487979469     
   8.5496660966369067     
   8.8120285451381495     
   9.0760919134543485     
   9.3418467575252695     
   9.6092833683815702     
   9.8783917704581832     
   10.149161719917533     
   10.421582702982869     
   10.695643934281975     
   10.971334355201526     
   11.248642632252370     
   11.527557155446010     
   11.808066036682545     
   12.090157108150374     
   12.373817920737917     
   12.659035742457656     
   12.945797556882750     
   13.234090061596547     
   13.523899666655231     
   13.815212493063930     
   14.108014371266561     
   14.402290839649684     
   14.698027143060687     
   14.995208231340573     
   15.293818757871650     
   15.593843078140415     
   15.895265248315946     
   16.198069023844070     
   16.502237858057647     
   16.807754900803232     
   17.114602997084436     
   17.422764685722306     
   17.732222198032993     
   18.042957456523048     
   18.354952073602636     
   18.668187350316988     
   18.982644275096384     
   19.298303522525007     
   19.615145452128949     
   19.933150107183717     
   20.252297213541528     
   20.572566178478709     
   20.893936089563564     
   21.216385713544948     
   21.539893495261953     
   21.864437556574970     
   22.189995695318462     
   22.516545384275801     
   22.844063770176437     
   23.172527672715788     
   23.501913583598125     
   23.832197665602813     
   24.163355751674221     
   24.495363344035631     
   24.828195613327491     
   25.161827397770317     
   25.496233202352592     
   25.831387198044013     
   26.167263221034371     
   26.503834771998449     
   26.841075015387243     
   27.178956778745853     
   27.517452552058376     
   27.856534487120140     
   28.196174396937618     
   28.536343755156359     
   28.877013695517281     
   29.218155011341651     
   29.559738155045110     
   29.901733237681068     
   30.244110028513820     
   30.586837954621725     
   30.929886100530783     
   31.273223207878964     
   31.616817675111605     
   31.960637557208255     
   32.304650565441293     
   32.648824067166650     
   32.993125085647002     
   33.337520299907766     
   33.681976044626239     
   34.026458310054245     
   34.370932741974599     
   34.715364641691771     
   35.059718966057055     
   35.403960327528644     
   35.748052994266885     
   36.091960890265106     
   36.435647595516365     
   36.779076346216407     
   37.122210035003249     
   37.465011211233701     
   37.807442081297133     
   38.149464508966886     
   38.491040015789658     
   38.832129781513181     
   39.172694644552557     
   39.512695102495556     
   39.852091312647296     
   40.190843092614571     
   40.528909920930168     
   40.866250937717574     
   41.202824945396344     
   41.538590409428537     
   41.873505459106468     
   42.207527888382195     
   42.540615156739044     
   42.872724390105475     
   43.203812381811716     
   43.533835593589366     
   43.862750156614432     
   44.190511872594037     
   44.517076214897159     
   44.842398329729747     
   45.166433037354516     
   45.489134833355777     
   45.810457889949596     
   46.130356057339597     
   46.448782865118801     
   46.765691523717742     
   47.081034925899218     
   47.394765648300002     
   47.706835953019791     
   48.017197789257786     
   48.325802794997102     
   48.632602298737446     
   48.937547321276263     
   49.240588577538738     
   49.541676478456914     
   49.840761132898258     
   50.137792349643959     
   50.432719639417265     
   50.725492216962181     
   51.016059003172771     
   51.304368627273412     
   51.590369429050291     
   51.874009461134371     
   52.155236491336197     
   52.433998005032791     
   52.710241207606899     
   52.983913026938907     
   53.254960115951697     
   53.523328855208689     
   53.788965355565388     
   54.051815460874685     
   54.311824750746169     
   54.568938543359728     
   54.823101898333711     
   55.074259619647890     
   55.322356258621497     
   55.567336116946592     
   55.809143249776980     
   56.047721468872972     
   56.283014345802208     
   56.514965215196767     
   56.743517178066874     
   56.968613105171322     
   57.190195640444962     
   57.408207204483425     
   57.622589998085274     
   57.833286005851910     
   58.040236999845327     
   58.243384543304010     
   58.442669994417194     
   58.638034510157595     
   58.829419050172966     
   59.016764380736518     
   59.200011078756532     
   59.379099535845278     
   59.553969962447439     
   59.724562392028261     
   59.890816685321568     
   60.052672534637814     
   60.210069468232390     
   60.362946854734290     
   60.511243907635347     
   60.654899689840178     
   60.793853118276985     
   60.928042968569358     
   61.057407879769244     
   61.181886359151228     
   61.301416787068177     
   61.415937421868520     
   61.525386404875150     
   61.629701765426155     
   61.728821425977443     
   61.822683207267417     
   61.911224833543756     
   61.994383937852440     
   62.072098067389085     
   62.144304688912683     
   62.210941194221853     
   62.271944905693651     
   62.327253081885033     
   62.376802923196998     
   62.420531577601537     
   62.458376146431405     
   62.490273690232740     
   62.516161234680624     
   62.535975776557592     
   62.549654289795136     
   62.557133731578226     
   62.558351048512847     
   62.553243182856612     
   62.541747078812399     
   62.523799688885084     
   62.499337980301284     
   62.468298941492165     
   62.430619588639260     
   62.386236972283307     
   62.335088183996028     
   62.277110363114851     
   62.212240703540495     
   62.140416460597429     
   62.061574957957077     
   61.975653594623729     
   61.882589851983106     
   61.782321300913495     
   61.674785608959311     
   61.559920547567110     
   61.437663999383815     
   61.307953965617152     
   61.170728573458142     
   61.025926083565516     
   60.873484897611952     
   60.713343565891961     
   60.545440794991315     
   60.369715455517834     
   60.186106589893399     
   59.994553420206991     
   59.794995356128609     
   59.587372002883868     
   59.371623169289094     
   59.147688875846704     
   58.915509362900679     
   58.675025098851904     
   58.426176788433153     
   58.168905381043494     
   57.903152079141840     
   57.628858346699467     
   57.345965917711169     
   57.054416804764820     
   56.754153307669064     
   56.445118022138850     
   56.127253848538516     
   55.800504000682139     
   55.464812014690800     
   55.120121757906496     
   54.766377437862353     
   54.403523611308778     
   54.031505193295246     
   53.650267466307369     
   53.259756089458826     
   52.859917107737843     
   52.450696961307834     
   52.032042494861770     
   51.603900967029936     
   51.166220059840605     
   50.718947888233274     
   50.262033009623977     
   49.795424433522271     
   49.319071631199449     
   48.832924545407487     
   48.336933600148306     
   47.831049710492849     
   47.315224292449464     
   46.789409272881166     
   46.253557099471173     
   45.707620750736318     
   45.151553746087686     
   44.585310155938039     
   44.008844611855437     
   43.422112316762508     
   42.825069055180805     
   42.217671203519650     
   41.599875740408926     
   40.971640257075173     
   40.332922967760403     
   39.683682720183022     
   39.023879006040197     
   38.353471971551073     
   37.672422428040178     
   36.980691862560334     
   36.278242448554401     
   35.565037056555241     
   34.841039264923118     
   34.106213370619884     
   33.360524400019237     
   32.603938119752307     
   31.836421047587844     
   31.057940463346288     
   30.268464419846897     
   29.467961753887245     
   28.656402097254261     
   27.833755887766038     
   26.999994380343598     
   26.155089658111823     
   25.299014643528714     
   24.431743109542140     
   23.553249690773239     
   22.663509894725628     
   21.762500113019534     
   20.850197632649973     
   19.926580647268089     
   18.991628268484764     
   18.045320537195554     
   17.087638434926081     
   16.118563895196875     
   15.138079814906792     
   14.146170065733997     
   13.142819505553572     
   12.128013989870750     
   11.101740383268805     
   10.063986570870570     
   9.0147414698125914     
   7.9539950407308693     
   6.8817382992571705     
   5.7979633275248474     
   4.7026632856831085     
   3.5958324234186705     
   2.4774660914837012     
   1.3475607532289662     
  0.20611399614106607     
 -0.94687545661734962     
  -2.1114077346655273     
  -3.2874818088618465     
  -4.4750954797615119     
  -5.6742453660758549     
  -6.8849268931344278     
  -8.1071342813510761     
  -9.3408605346951870     
  -10.586097429169326     
  -11.842835501294488     
  -13.111064036604180     
  -14.390771058148607     
  -15.681943315010194     
  -16.984566270831731     
  -18.298624092358395     
  -19.624099637994981     
  -20.960974446379591     
  -22.309228724975160     
  -23.668841338680071     
  -25.039789798459267     
  -26.422050249997149     
  -27.815597462373667     
  -29.220404816764933     
  -30.636444295169781     
  -32.063686469163621     
  -33.502100488681045     
  -34.951654070828546     
  -36.412313488728813     
  -37.884043560398034     
  -39.366807637657658     
  -40.860567595082053     
  -42.365283818983571     
  -43.880915196436469     
  -45.407419104341216     
  -46.944751398530627     
  -48.492866402919418     
  -50.051716898698658     
  -51.621254113576661     
  -53.201427711067893     
  -54.792185779831406     
  -56.393474823060423     
  -58.005239747924605     
  -59.627423855066638     
  -61.259968828154683     
  -62.902814723492369     
  -64.555899959687892     
  -66.219161307383857     
  -67.892533879049608     
  -69.575951118837523     
  -71.269344792505066     
  -72.972644977404244     
  -74.685780052540125     
  -76.408676688700169     
  -78.141259838655969     
  -79.883452727439234     
  -81.635176842693625     
  -83.396351925104341     
  -85.166895958906949     
  -86.946725162477478     
  -88.735753979005324     
  -90.533895067250882     
  -92.341059292389588     
  -94.157155716944231     
  -95.982091591807261     
  -97.815772347354994     
  -99.658101584655412     
  -101.50898106677153     
  -103.36831071016196     
  -105.23598857618080     
  -107.11191086267834     
  -108.99597189570484     
  -110.88806412131888     
  -112.78807809750241     
  -114.69590248618428     
  -116.61142404537416     
  -118.53452762140876     
  -120.46509614131217     
  -122.40301060527250     
  -124.34815007923632     
  -126.30039168762326     
  -128.25961060616240     
  -130.22568005485252     
  -132.19847129104826     
  -134.17785360267393     
  -136.16369430156703     
  -138.15585871695356     
  -140.15421018905698     
  -142.15861006284280     
  -144.16891768190084     
  -146.18499038246719     
  -148.20668348758778     
  -150.23385030142560     
  -152.26634210371375     
  -154.30400814435598     
  -156.34669563817712     
  -158.39424975982524     
  -160.44651363882758     
  -162.50332835480242     
  -164.56453293282871     
  -166.62996433897578     
  -168.69945747599493     
  -170.77284517917522     
  -172.84995821236527     
  -174.93062526416335     
 
   1.0137218336799463     
   1.0275667304667799     
   1.0415345357416224     
   1.0556250809792440     
   1.0698381836252400     
   1.0841736469733814     
   1.0986312600431565     
   1.1132107974575152     
   1.1279120193208323     
   1.1427346710971029     
   1.1576784834883853     
   1.1727431723135058     
   1.1879284383870397     
   1.2032339673985852     
   1.2186594297923430     
   1.2342044806470178     
   1.2498687595560580     
   1.2656518905082470     
   1.2815534817686631     
   1.2975731257600236     
   1.3137103989444283     
   1.3299648617055182     
   1.3463360582310664     
   1.3628235163960165     
   1.3794267476459845     
   1.3961452468812419     
   1.4129784923411948     
   1.4299259454893771     
   1.4469870508989733     
   1.4641612361388887     
   1.4814479116603831     
   1.4988464706842861     
   1.5163562890888098     
   1.5339767252979779     
   1.5517071201706867     
   1.5695467968904167     
   1.5874950608556129     
   1.6055511995707497     
   1.6237144825381002     
   1.6419841611502273     
   1.6603594685832119     
   1.6788396196906430     
   1.6974238108983797     
   1.7161112201001101     
   1.7349010065537220     
   1.7537923107785056     
   1.7727842544532058     
   1.7918759403149431     
   1.8110664520590236     
   1.8303548542396544     
   1.8497401921715859     
   1.8692214918326981     
   1.8887977597675525     
   1.9084679829919267     
   1.9282311288983527     
   1.9480861451626779     
   1.9680319596516684     
   1.9880674803316756     
   2.0081915951783826     
   2.0284031720876552     
   2.0487010587875130     
   2.0690840827512438     
   2.0895510511116804     
   2.1101007505766591     
   2.1307319473456823     
   2.1514433870278045     
   2.1722337945607619     
   2.1931018741313673     
   2.2140463090971894     
   2.2350657619095400     
   2.2561588740377871     
   2.2773242658950159     
   2.2985605367650597     
   2.3198662647309209     
   2.3412400066046017     
   2.3626802978583701     
   2.3841856525574769     
   2.4057545632943502     
   2.4273855011242857     
   2.4490769155026544     
   2.4708272342236510     
   2.4926348633606046     
   2.5144981872078693     
   2.5364155682243235     
   2.5583853469784921     
   2.5804058420953213     
   2.6024753502046201     
   2.6245921458911954     
   2.6467544816467026     
   2.6689605878232312     
   2.6912086725886497     
   2.7134969218837313     
   2.7358234993810822     
   2.7581865464458950     
   2.7805841820985497     
   2.8030145029790861     
   2.8254755833135645     
   2.8479654748823453     
   2.8704822069903022     
   2.8930237864389983     
   2.9155881975008398     
   2.9381734018952379     
   2.9607773387667966     
   2.9833979246655487     
   3.0060330535292659     
   3.0286805966678623     
   3.0513384027499160     
   3.0740042977913307     
   3.0966760851461594     
   3.1193515454996144     
   3.1420284368632831     
   3.1647044945725780     
   3.1873774312864365     
   3.2100449369892989     
   3.2327046789953844     
   3.2553543019552884     
   3.2779914278649240     
   3.3006136560768291     
   3.3232185633138656     
   3.3458037036853265     
   3.3683666087054820     
   3.3909047873145792     
   3.4134157259023232     
   3.4358968883338612     
   3.4583457159782891     
   3.4807596277397077     
   3.5031360200908490     
   3.5254722671092922     
   3.5477657205162969     
   3.5700137097182725     
   3.5922135418509074     
   3.6143625018259793     
   3.6364578523808695     
   3.6584968341308044     
   3.6804766656238437     
   3.7023945433986412     
   3.7242476420449955     
   3.7460331142672172     
   3.7677480909503318     
   3.7893896812291397     
   3.8109549725601579     
   3.8324410307964634     
   3.8538449002654578     
   3.8751636038495785     
   3.8963941430699771     
   3.9175334981731833     
   3.9385786282207800     
   3.9595264711821070     
   3.9803739440300183     
   4.0011179428397092     
   4.0217553428906401     
   4.0422829987715714     
   4.0626977444887356     
   4.0829963935771643     
   4.1031757392151924     
   4.1232325543421560     
   4.1431635917793121     
   4.1629655843539908     
   4.1826352450270079     
   4.2021692670233515     
   4.2215643239661693     
   4.2408170700140690     
   4.2599241400017576     
   4.2788821495840326     
   4.2976876953831527     
   4.3163373551395994     
   4.3348276878662499     
   4.3531552340059871     
   4.3713165155927536     
   4.3893080364160770     
   4.4071262821890853     
   4.4247677207200224     
   4.4422288020872900     
   4.4595059588180304     
   4.4765956060702665     
   4.4934941418186201     
   4.5101979470436193     
   4.5267033859246242     
   4.5430068060363711     
   4.5591045385491675     
   4.5749928984327450     
   4.5906681846637882     
   4.6061266804371588     
   4.6213646533808284     
   4.6363783557745331     
   4.6511640247721715     
   4.6657178826279573     
   4.6800361369263399     
   4.6941149808157139     
   4.7079505932459229     
   4.7215391392095833     
   4.7348767699872329     
   4.7479596233963210     
   4.7607838240440534     
   4.7733454835841105     
   4.7856407009772415     
   4.7976655627557587     
   4.8094161432919327     
   4.8208885050703145     
   4.8320786989639837     
   4.8429827645147405     
   4.8535967302172578     
   4.8639166138071923     
   4.8739384225532749     
   4.8836581535533909     
   4.8930717940346558     
   4.9021753216574995     
   4.9109647048237681     
   4.9194359029888517     
   4.9275848669778499     
   4.9354075393057810     
   4.9428998545018459     
   4.9500577394377512     
   4.9568771136601031     
   4.9633538897268794     
   4.9694839735479821     
   4.9752632647298825     
   4.9806876569243661     
   4.9857530381813753     
   4.9904552913059659     
   4.9947902942193769     
   4.9987539203242193     
   5.0023420388737900     
   5.0055505153455124     
   5.0083752118185139     
   5.0108119873553338     
   5.0128566983877763     
   5.0145051991069023     
   5.0157533418571676     
   5.0165969775347046     
   5.0170319559897578     
   5.0170541264332638     
   5.0166593378475852     
   5.0158434394013947     
   5.0146022808687061     
   5.0129317130520636     
   5.0108275882098745     
   5.0082857604878912     
   5.0053020863548436     
   5.0018724250422117     
   4.9979926389881442     
   4.9936585942855132     
   4.9888661611341050     
   4.9836112142969462     
   4.9778896335607534     
   4.9716973042005055     
   4.9650301174481388     
   4.9578839709653453     
   4.9502547693204857     
   4.9421384244695927     
   4.9335308562414744     
   4.9244279928268933     
   4.9148257712718300     
   4.9047201379748060     
   4.8941070491882703     
   4.8829824715240333     
   4.8713423824627391     
   4.8591827708673643     
   4.8464996375007363     
   4.8332889955470550     
   4.8195468711374083     
   4.8052693038792667     
   4.7904523473899472     
   4.7750920698340273     
   4.7591845544647029     
   4.7427259001690665     
   4.7257122220172940     
   4.7081396518157295     
   4.6900043386638393     
   4.6713024495150322     
   4.6520301697413187     
   4.6321837037017932     
   4.6117592753149239     
   4.5907531286346241     
   4.5691615284300973     
   4.5469807607694186     
   4.5242071336068479     
   4.5008369773738419     
   4.4768666455737494     
   4.4522925153801634     
   4.4271109882389075     
   4.4013184904736349     
   4.3749114738950095     
   4.3478864164134539     
   4.3202398226554273     
   4.2919682245832149     
   4.2630681821181966     
   4.2335362837675738     
   4.2033691472545183     
   4.1725634201517190     
   4.1411157805182963     
   4.1090229375400540     
   4.0762816321730382     
   4.0428886377903677     
   4.0088407608323129     
   3.9741348414595783     
   3.9387677542097674     
   3.9027364086569869     
   3.8660377500745597     
   3.8286687601008111     
   3.7906264574078907     
   3.7519078983735943     
   3.7125101777561484     
   3.6724304293719197     
   3.6316658267760094     
   3.5902135839456939     
   3.5480709559666721     
   3.5052352397220790     
   3.4617037745842216     
   3.4174739431089973     
   3.3725431717329517     
   3.3269089314729325     
   3.2805687386282925     
   3.2335201554856012     
   3.1857607910258166     
   3.1372883016338702     
   3.0881003918106207     
   3.0381948148871256     
   2.9875693737411866     
   2.9362219215161143     
   2.8841503623416660     
   2.8313526520571046     
   2.7778267989363274     
   2.7235708644150143     
   2.6685829638197380     
   2.6128612670989897     
   2.5564039995560588     
   2.4992094425837168     
   2.4412759344006476     
   2.3826018707895678     
   2.3231857058369796     
   2.2630259526745000     
   2.2021211842217046     
   2.1404700339304301     
   2.0780711965304723     
   2.0149234287766209     
   1.9510255501969687     
   1.8863764438424311     
   1.8209750570374161     
   1.7548204021315787     
   1.6879115572525942     
   1.6202476670598882     
   1.5518279434992537     
   1.4826516665582905     
   1.4127181850225989     
   1.3420269172326584     
   1.2705773518413230     
   1.1983690485718634     
   1.1254016389764849     
   1.0516748271952487     
  0.97718839071532715     
  0.90194218113051661     
  0.82593612490093649     
  0.74917022411283918     
  0.67164455723845551     
  0.59335927989580017     
  0.51431462560835994     
  0.43451090656458757     
  0.35394851437712238     
  0.27262792084165932     
  0.19054967869538628     
  0.10771442237490894     
   2.4122868773582273E-002
  -6.0224182001833770E-002
 -0.14532584587527708     
 -0.23118115404632816     
 -0.31778905223608145     
 -0.40514839993402829     
 -0.49325796964603702     
 -0.58211644614351721     
 -0.67172242571385543     
 -0.76207441541220999     
 -0.85317083231475477     
 -0.94501000277346014     
  -1.0375901616725030     
  -1.1309094516863953     
  -1.2249659225399248     
  -1.3197575302699984     
  -1.4152821364894843     
  -1.5115375076531430     
  -1.6085213143257469     
  -1.7062311304524791     
  -1.8046644326317116     
  -1.9038185993902568     
  -2.0036909104611929     
  -2.1042785460643594     
  -2.2055785861896218     
  -2.3075880098830082     
  -2.4103036945358145     
  -2.5137224151767832     
  -2.6178408437674530     
  -2.7226555485007884     
  -2.8281629931031875     
  -2.9343595361399739     
  -3.0412414303244764     
  -3.1488048218308058     
  -3.2570457496104304     
  -3.3659601447126581     
  -3.4755438296091361     
  -3.5857925175224707     
  -3.6967018117590826     
  -3.8082672050464010     
  -3.9204840788745114     
  -4.0333477028423657     
  -4.1468532340086668     
  -4.2609957162475407     
  -4.3757700796091052     
  -4.4911711396850569     
  -4.6071935969793802     
  -4.7238320362842998     
  -4.8410809260615935     
  -4.9589346178293736     
  -5.0773873455544623     
  -5.1964332250504714     
  -5.3160662533817087     
  -5.4362803082730293     
  -5.5570691475257465     
  -5.6784264084397256     
  -5.8003456072417823     
  -5.9228201385205024     
  -6.0458432746676074     
  -6.1694081653259838     
  -6.2935078368445057     
  -6.4181351917397649     
  -6.5432830081648410     
  -6.6689439393852279     
  -6.7951105132620455     
  -6.9217751317426606     
  -7.0489300703588444     
  -7.1765674777325899     
  -7.3046793750897159     
  -7.4332576557813903     
  -7.5622940848136908     
  -7.6917802983853409     
  -7.8217078034337426     
  -7.9520679771894383     
  -8.0828520667391306     
  -8.2140511885973915     
  -8.3456563282871876     
  -8.4776583399293521     
  -8.6100479458411456     
  -8.7428157361440189     
  -8.8759521683807243     
  -9.0094475671419030     
  -9.1432921237022811     
  -9.2774758956666048     
  -9.4119888066254589     
  -9.5468206458210858     
  -9.6819610678233534     
  -9.8173995922159971     
  -9.9531256032932820     
  -10.089128349767202     
  -10.225396944485375     
  -10.361920364159745     
  -10.498687449106255     
  -10.635686902995587     
  -10.772907292615162     
  -10.910337047642475     
  -11.047964460429949     
  -11.185777685801423     
  -11.323764740860415     
  -11.461913504810308     
  -11.600211718786573     
  -11.738646985701189     
  -11.877206770099399     
  -12.015878398028917     
  -12.154649056921754     
  -12.293505795488775     
  -12.432435523627147     
  -12.571425012340804     
  -12.710460893674071     
  -12.849529660658588     
  -12.988617667273671     
  -13.127711128420250     
  -13.266796119908522     
  -13.405858578459453     
  -13.544884301720289     
  -13.683858948294183     
  -13.822768037784105     
  -13.961596950851151     
  -14.100330929287423     
  -14.238955076103574     
  -14.377454355631194     
  -14.515813593640161     
  -14.654017477471093     
  -14.792050556183050     
  -14.929897240716606     
  -15.067541804072457     
  -15.204968381505674     
  -15.342160970735756     
  -15.479103432172623     
  -15.615779489158665     
  -15.752172728227015     
  -15.888266599376157     
  -16.024044416361022     
  -16.159489357000695     
  -16.294584463502883     
  -16.429312642805268     
  -16.563656666933891     
  -16.697599173378691     
  -16.831122665486340     
  -16.964209512870514     
  -17.096841951839714     
  -17.229002085842804     
  -17.360671885932359     
  -17.491833191245984     
  -17.622467709505734     
  -17.752557017535754     
  -17.882082561798274     
  -18.011025658948096     
  -18.139367496405704     
  -18.267089132949113     
  -18.394171499324603     
  -18.520595398876452     
  -18.646341508195803     
  -18.771390377788798     
  -18.895722432764085     
  -19.019317973539856     
  -19.142157176570500     
  -19.264220095093034     
  -19.385486659893417     
  -19.505936680092862     
  -19.625549843954296     
  -19.744305719709050     
  -19.862183756403937     
  -19.979163284768813     
  -20.095223518104749     
  -20.210343553192939     
  -20.324502371224440     
  -20.437678838750884     
  -20.549851708656259     
  -20.660999621149887     
  -20.771101104780698     
  -20.880134577472919     
  -20.988078347583304     
  -21.094910614979987     
  -21.200609472143078     
  -21.305152905287130     
  -21.408518795505547     
  -21.510684919937070     
  -21.611628952954437     
  -21.711328467375306     
  -21.809760935695564     
  -21.906903731345100     
  -22.002734129966175     
  -22.097229310714454     
  -22.190366357582807     
  -22.282122260747997     
  -22.372473917940312     
  -22.461398135836252     
  -22.548871631474388     
  -22.634871033694427     
  -22.719372884599633     
  -22.802353641042643     
  -22.883789676134786     
  -22.963657280779000     
  -23.041932665226398     
  -23.118591960656605     
  -23.193611220781900     
  -23.266966423475289     
  -23.338633472422543     
  -23.408588198798309     
  -23.476806362966347     
  -23.543263656203969     
  -23.607935702450760     
  -23.670798060081637     
  -23.731826223704314     
  -23.790995625981243     
  -23.848281639476095     
  -23.903659578524834     
  -23.957104701131442     
  -24.008592210888377     
  -24.058097258921777     
  -24.105594945861501     
  -24.151060323836045     
  -24.194468398492369     
  -24.235794131040702     
  -24.275012440324382     
  -24.312098204914712     
  -24.347026265230969     
  -24.379771425685512     
  -24.410308456854089     
  -24.438612097671360     
  -24.464657057651639     
  -24.488418019134944     
  -24.509869639558332     
  -24.528986553752571     
  -24.545743376264159     
  -24.560114703702727     
  -24.572075117113833     
  -24.581599184377161     
  -24.588661462630153     
  -24.593236500717087     
  -24.595298841663574     
  -24.594823025176538     
  -24.591783590169644     
  -24.586155077314181     
  -24.577912031615412     
  -24.567029005014376     
  -24.553480559015153     
  -24.537241267337556     
  -24.518285718595269     
  -24.496588518999395     
  -24.472124295087415     
  -24.444867696477516     
  -24.414793398648300     
  -24.381876105743814     
  -24.346090553403904     
  -24.307411511619836     
  -24.265813787615176     
  -24.221272228751872     
  -24.173761725461510     
  -24.123257214201715     
  -24.069733680437611     
  -24.013166161648350     
  -23.953529750358605     
  -23.890799597195020     
  -23.824950913967516     
  -23.755958976775439     
  -23.683799129138439     
  -23.608446785152061     
  -23.529877432667945     
  -23.448066636498577     
  -23.362990041646526     
  -23.274623376558047     
  -23.182942456401030     
  -23.087923186367156     
  -22.989541564998206     
  -22.887773687536395     
  -22.782595749298700     
  -22.673984049075003     
  -22.561914992549998     
  -22.446365095748764     
  -22.327310988505857     
  -22.204729417957832     
  -22.078597252059087     
  -21.948891483120882     
  -21.815589231373451     
  -21.678667748551035     
  -21.538104421499742     
  -21.393876775808089     
  -21.245962479460072     
  -21.094339346510665     
  -20.938985340783557     
  -20.779878579590999     
  -20.616997337475631     
  -20.450320049974096     
  -20.279825317402299     
  -20.105491908662156     
  -19.927298765069654     
  -19.745225004204055     
  -19.559249923778076     
  -19.369353005528854     
  -19.175513919129521     
  -18.977712526121216     
  -18.775928883865319     
  -18.570143249515723     
  -18.360336084010964     
  -18.146488056085971     
  -17.928580046303278     
  -17.706593151103434     
  -17.480508686874440     
  -17.250308194039981     
  -17.015973441166214     
  -16.777486429086924     
  -16.534829395046778     
  -16.287984816862462     
  -16.036935417101475     
  -15.781664167278299     
  -15.522154292067743     
  -15.258389273535180     
  -14.990352855383428     
  -14.718029047216024     
  -14.441402128816620     
  -14.160456654444229     
  -13.875177457144060     
  -13.585549653073663     
  -13.291558645844082     
  -12.993190130875771     
  -12.690430099768943     
  -12.383264844688085     
  -12.071680962760329     
  -11.755665360487372     
  -11.435205258170656     
  -11.110288194349474     
  -10.780902030251703     
  -10.447034954256834     
  -10.108675486370977     
  -9.7658124827135158     
  -9.4184351400150685     
  -9.0665330001264266     
  -8.7100959545381240     
  -8.3491142489102881     
  -7.9835784876124194     
  -7.6134796382727536     
  -7.2388090363368320     
  -6.8595583896349206     
  -6.4757197829579107     
  -6.0872856826413209     
  -5.6942489411570216     
  -5.2966028017123055     
  -4.8943409028559053     
  -4.4874572830905741     
  -4.0759463854918225     
  -3.6598030623324216     
  -3.2390225797122518     
  -2.8136006221930976     
  -2.3835332974379622     
  -1.9488171408544914     
  -1.5094491202420712     
  -1.0654266404421762     
 -0.61674754799153142     
 -0.16341013577764818     
  0.29458685230370979     
  0.75724421668957864     
   1.2245622974898183     
   1.6965409698265654     
   2.1731796391735809     
   2.6544772366959539     
   3.1404322145906405     
   3.6310425414283083     
   4.1263056974969734     
   4.6262186701479102     
   5.1307779491443277     
   5.6399795220133102     
   6.1538188694015146     
   6.6722909604351388     
   7.1953902480846610     
   7.7231106645348699     
   8.2554456165607029     
   8.7923879809094103     
   9.3339300996895886     
   9.8800637757675887     
   10.430780268171866     
   10.986070287505788     
   11.545923991369472     
   12.110330979791170     
   12.679280290668791     
   13.252760395222088     
   13.830759193456112     
   14.413264009636460     
   15.000261587776922     
   15.591738087140092     
   16.187679077751522     
   16.788069535928024     
   17.392893839820680     
   18.002135764973193     
   18.615778479896154     
   19.233804541657832     
   19.856195891492106     
   20.482933850424150     
   21.113999114914485     
   21.749371752522016     
   22.389031197586704     
   23.032956246932461     
   23.681125055590957     
   24.333515132546932     
   24.990103336505680     
   25.650865871683358     
   26.315778283620752     
   26.984815455021174     
   27.657951601613146     
   28.335160268038528     
   29.016414323766774     
   29.701685959035981     
   30.390946680821393     
   31.084167308832082     
   31.781317971536442     
   32.482368102217222     
   33.187286435056777     
   33.896041001253224     
   34.608599125168233     
   35.324927420507137     
   36.044991786532044     
   36.768757404308744     
   37.496188732988031     
   38.227249506122220     
   38.961902728017584     
   39.700110670123394     
   40.441834867458340     
   41.187036115075038     
   41.935674464563391     
   42.687709220593490     
   43.443098937498888     
   44.201801415900889     
   44.963773699374705     
   45.728972071158168     
   46.497352050903785     
   47.268868391474875     
   48.043475075786610     
   48.821125313692640     
   49.601771538918157     
   50.385365406040130     
   51.171857787515464     
   51.961198770757953     
   52.753337655264708     
   53.548222949792908     
   54.345802369587631     
   55.146022833661604     
   55.948830462127610     
   56.754170573584396     
   57.561987682556826     
   58.372225496991163     
   59.184826915806198     
   59.999734026501116     
   60.816888102820833     
   61.636229602479666     
   62.457698164944155     
   63.281232609275804     
   64.106770932034607     
   64.934250305244177     
   65.763607074419298     
   66.594776756656657     
   67.427694038789724     
   68.262292775608486     
   69.098505988144922     
   69.936265862025039     
   70.775503745888301     
   71.616150149875281     
   72.458134744184420     
   73.301386357698661     
   74.145832976682840     
   74.991401743552686     
   75.838018955716208     
   76.685610064488444     
   77.534099674080281     
   78.383411540662223     
   79.233468571504062     
   80.084192824191121     
   80.935505505918087     
   81.787326972861180     
   82.639576729629553     
   83.492173428796733     
   84.345034870513032     
   85.198078002199694     
   86.051218918325660     
   86.904372860267856     
   87.757454216255780     
   88.610376521401278     
   89.463052457814356     
   90.315393854805933     
   91.167311689178220     
   92.018716085603842     
   92.869516317094295     
   93.719620805558762     
   94.568937122454074     
   95.417371989526643     
   96.264831279647296     
   97.111220017739797     
   97.956442381803882     
   98.800401704033732     
   99.643000472032696     
   100.48414033012507     
   101.32372208076583     
   102.16164568604917     
   102.99781026931659     
   103.83211411686548     
   104.66445467975906     
   105.49472857573831     
   106.32283159123698     
   107.14865868350039     
   107.97210398280878     
   108.79306079480619     
   109.61142160293564     
   110.42707807098130     
   111.23992104571873     
   112.04984055967375     
   112.85672583399096     
   113.66046528141254     
   114.46094650936831     
   115.25805632317778     
   116.05168072936490     
   116.84170493908655     
   117.62801337167528     
   118.41048965829731     
   119.18901664572653     
   119.96347640023515     
   120.73375021160206     
   121.49971859723932     
   122.26126130643793     
   123.01825732473333     
   123.77058487839157     
   124.51812143901697     
   125.26074372828172     
   125.99832772277865     
   126.73074865899743     
   127.45788103842523     
   128.17959863277261     
   128.89577448932511     
   129.60628093642157     
   130.31098958905966     
   131.00977135462949     
   131.70249643877602     
   132.38903435139071     
   133.06925391273356     
   133.74302325968583     
   134.41020985213430     
   135.07068047948783     
   135.72430126732667     
   136.37093768418529     
   137.01045454846962     
   137.64271603550893     
   138.26758568474332     
   138.88492640704735     
   139.49460049219030     
   140.09646961643418     
   140.69039485026929     
   141.27623666628878     
   141.85385494720231     
   142.42310899398944     
   142.98385753419362     
   143.53595873035695     
   144.07927018859669     
   144.61364896732380     
   145.13895158610407     
   145.65503403466263     
   146.16175178203207     
   146.65895978584484     
   147.14651250177059     
   147.62426389309854     
   148.09206744046591     
   148.54977615173240     
   148.99724257200162     
   149.43431879378960     
   149.86085646734105     
   150.27670681109376     
   150.68172062229146     
   151.07574828774582     
   151.45863979474782     
   151.83024474212877     
   152.19041235147182     
   152.53899147847380     
   152.87583062445822     
   153.20077794803942     
   153.51368127693848     
   153.81438811995122     
   154.10274567906833     
   154.37860086174831     
   154.64180029334327     
   154.89219032967804     
   155.12961706978271     
   155.35392636877899     
   155.56496385092052     
   155.76257492278762     
   155.94660478663630     
   156.11689845390211     
   156.27330075885882     
   156.41565637243224     
   156.54380981616919     
   156.65760547636197     
   156.75688761832834     
   156.84150040084717     
   156.91128789074983     
   156.96609407766758     
   157.00576288893484     
   157.03013820464855     
   157.03906387288353     
   157.03238372506416     
   157.00994159149207     
   156.97158131702997     
   156.91714677694182     
   156.84648189288899     
   156.75943064908253     
   156.65583710859161     
   156.53554542980771     
   156.39839988306500     
   156.24424486741623     
   156.07292492756440     
   155.88428477095005     
   155.67816928499371     
   155.45442355449379     
   155.21289287917926     
   154.95342279141732     
   154.67585907407556     
   154.38004777853843     
   154.06583524287791     
   153.73306811017792     
   153.38159334701220     
   153.01125826207539     
   152.62191052496712     
   152.21339818512843     
   151.78556969093034     
   151.33827390891435     
   150.87136014318406     
   150.38467815494786     
   149.87807818221202     
   149.35141095962379     
   148.80452773846400     
   148.23728030678873     
   147.64952100971936     
   147.04110276988064     
   146.41187910798610     
   145.76170416357024     
   145.09043271586683     
   144.39792020483281     
   143.68402275231719     
   142.94859718337389     
   142.19150104771836     
   141.41259264132691     
   140.61173102817810     
 
